1.6e-6	0.9999170308435449	4.626820967833824	3801.8233217099432
1.8e-6	0.9999066601830225	4.626810596435533	3799.78826580403
2.0e-6	0.9998962896300598	4.6268002250604905	3797.755096799121
2.2e-6	0.9998859191846555	4.626789853708697	3795.7238125781564
2.4e-6	0.9998755488468084	4.626779482380151	3793.694411026619
2.5999999999999997e-6	0.9998651786165175	4.626769111074854	3791.6668900325667
2.8e-6	0.9998548084937816	4.626758739792804	3789.641247486694
3.0e-6	0.9998444384785997	4.6267483685340025	3787.6174812822087
3.2e-6	0.9998393225209499	4.626743251906914	3786.607857491707
3.6e-6	0.9998290260481598	4.626732954049223	3784.58854058991
4.0e-6	0.9998187340524917	4.626722660585612	3782.571177052421
4.4e-6	0.9998084465320592	4.626712371514264	3780.5557646662796
4.8e-6	0.9997981634849745	4.626702086833365	3778.5423012211736
5.199999999999999e-6	0.9997878849093483	4.626691806541096	3776.5307845094712
5.6e-6	0.9997776108032898	4.626681530635641	3774.5212123261563
6.0e-6	0.9997673411649062	4.626671259115176	3772.5135824689096
6.4e-6	0.9997571445408862	4.62666106043213	3770.5103624485187
7.2e-6	0.9997366319500205	4.626640543583195	3766.505799489071
8.0e-6	0.9997161371492228	4.626620044195021	3762.508965449675
8.8e-6	0.9996956601045132	4.626599562234194	3758.5198424894993
9.6e-6	0.9996752007819837	4.626579097667375	3754.5384128127735
1.0399999999999999e-5	0.9996547591478082	4.626558650461301	3750.5646586688126
1.12e-5	0.9996343351682416	4.626538220582793	3746.5985623519305
1.2e-5	0.9996139288096195	4.6265178079987495	3742.640106201307
1.28e-5	0.9995833721930716	4.6264872410680535	3736.7211754733567
1.44e-5	0.9995426824186465	4.626446536568694	3728.8538207605784
1.6e-5	0.9995020624470694	4.62640590057857	3721.016676103395
1.76e-5	0.9994615120133628	4.626365332837135	3713.209602608649
1.92e-5	0.9994210308538141	4.626324833085083	3705.4324620847815
2.0799999999999997e-5	0.9993806187059702	4.626284401064351	3697.6851170378923
2.24e-5	0.9993402753086297	4.626244036518105	3689.9674306681495
2.4e-5	0.9993000004018368	4.6262037391907365	3682.2792668659254
2.56e-5	0.9992397935539284	4.626143494923439	3670.8192383773403
2.88e-5	0.9991597198108159	4.626063367524293	3655.633354337331
3.2e-5	0.999079914809395	4.625983503874544	3640.56288057317
3.52e-5	0.9990003765361178	4.6259039019942785	3625.606764639297
3.84e-5	0.9989211029964927	4.6258245599223295	3610.7639646434213
4.1599999999999995e-5	0.9988420922148857	4.625745475716079	3596.0334491340423
4.48e-5	0.9987633422343234	4.625666647451266	3581.4141969892607
4.8e-5	0.9986848511162975	4.625588073221792	3566.9051973068044
5.12e-5	0.9985678906145675	4.625470973770636	3545.409588759613
5.76e-5	0.9984126949409403	4.6253155787288796	3517.095132851975
6.4e-5	0.9982584963285263	4.625161162134007	3489.202101827158
7.04e-5	0.9981052802296205	4.625007709681016	3461.7229362508792
7.68e-5	0.9979530323668205	4.624855207330823	3434.650226080396
8.319999999999999e-5	0.9978017387274787	4.6247036413048	3407.9767075244026
8.96e-5	0.9976513855582471	4.624552998079408	3381.6952599715823
9.6e-5	0.997501959359741	4.624403264380953	3355.7989029863797
0.0001024	0.9972806059275964	4.624181398804588	3317.8781328283635
0.0001152	0.9969880754042021	4.623888135667531	3268.4918970766576
0.000128	0.9966989922700121	4.623598254864336	3220.5149701060705
0.0001408	0.9964132612426124	4.623311662699578	3173.8984486740565
0.0001536	0.9961307904491512	4.623028268832566	3128.595306578588
0.00016639999999999998	0.9958514912906774	4.622747986143861	3084.5603178904707
0.0001792	0.9955752783114545	4.622470730606699	3041.74998345854
0.000192	0.9953020690738259	4.622196421163863	3000.1224605575685
0.0002048	0.9949013202096623	4.621793858436479	2940.4510663502633
0.0002304	0.9943749551135262	4.621264916915597	2864.304135335539
0.000256	0.9938590891606099	4.620746271579933	2792.1481611579334
0.0002816	0.9933532033922318	4.620237412116552	2723.7241150160894
0.0003072	0.9928568131929428	4.619737862013232	2658.7917238452114
0.00033279999999999996	0.99236946572722	4.6192471760353335	2597.1280172238125
0.0003584	0.9918907375639419	4.618764937887514	2538.525992059974
0.000384	0.9914202324915051	4.61829075806307	2482.7933854559337
0.0004096	0.990739669388873	4.617604241349779	2405.642205904997
0.0004608	0.9898519919263334	4.616708197680666	2310.2967469974756
0.000512	0.9889904716362113	4.615837777606308	2223.3673894718972
0.0005632	0.9881530577545169	4.614990965075893	2143.899986175695
0.0006144	0.9873379289920112	4.614165969992335	2071.0633440330676
0.0006655999999999999	0.9865434636673486	4.613361198788482	2004.1321013343563
0.0007168	0.9857682137933319	4.612575228898686	1942.4721145861622
0.000768	0.9850108828508608	4.6118067868636405	1885.5279769485064
0.0008192	0.9839321287741961	4.610710439492392	1810.1222669518093
0.0009216	0.9825312919675466	4.609285160189609	1720.306018320515
0.001024	0.9811820453078434	4.607910309662311	1641.8311042073058
0.0011264	0.9798792460077288	4.606580840110494	1572.7392895764658
0.0012288	0.9786185444393928	4.605292484904042	1511.471620511421
0.0013311999999999998	0.9773962345850363	4.604041611013916	1456.7783407427944
0.0014336	0.9762091333243392	4.602825099939671	1407.6505144919245
0.001536	0.9750544856940679	4.601640254286282	1363.2679075961196
0.0016384	0.9734320510068418	4.599971088103494	1306.384824150357
0.0018432	0.9713292934760084	4.59780397743628	1239.9429442154922
0.002048	0.9693151448038639	4.595723300579013	1183.1270536374302
0.0022528	0.9673806759831337	4.59372033762962	1133.9149964594253
0.0024576	0.9655182693966151	4.5917876560528255	1090.810813870308
0.0026623999999999997	0.9637214241077448	4.589918918343684	1052.6873967862764
0.0028672	0.9619845557357826	4.588108684756312	1018.680822410964
0.003072	0.9603028334778636	4.5863522529271705	988.1183433927134
0.0032768	0.9579614764782964	4.583897156489171	949.4110609644564
0.0036864	0.9549419966359249	4.580722510195857	904.1830809421915
0.004096	0.9520702972421409	4.577692367981821	865.5697698091793
0.0045056	0.94933152853284	4.574792316597541	832.1463203421916
0.0049152	0.9467125887189564	4.572009639373197	802.8720981426872
0.005324799999999999	0.9442021961588335	4.569333390396614	776.9708599107132
0.0057344	0.9417906336010555	4.566754144672108	753.8518664454167
0.006144	0.9394694954789983	4.564263751469406	733.0574575922614
0.0065536	0.9362271406147258	4.560763810586116	706.6833734166111
0.0073728	0.9321020359820233	4.5562932367911415	675.7914146390467
0.008192	0.928220075905771	4.552063644831261	649.3479323453972
0.0090112	0.9245537919828362	4.5480482289848645	626.4070099896893
0.0098304	0.9210795457197266	4.5442239428907945	606.2728679811052
0.010649599999999999	0.9177773497861407	4.54057130404279	588.4248579220301
0.0114688	0.9146302220834497	4.537073755465151	572.4658173135924
0.012288	0.911623639418472	4.533717130110055	558.0874866050585
0.0131072	0.907347347848855	4.528898461344565	539.5362575249876
0.0147456	0.9020354001509098	4.522879483975587	517.9141973542862
0.016384	0.8971090062133894	4.517255068626018	499.38481347862523
0.0180224	0.8925148083189843	4.51197159705468	483.29242769202455
0.0196608	0.8882100854933497	4.506986351543468	469.15361330505175
0.021299199999999997	0.8841601118398705	4.502264636660076	456.60641345377024
0.0229376	0.8803362365989575	4.497777813897973	445.3747082928219
0.024576	0.8767145186876609	4.4935019222277	435.2442432847753
0.0262144	0.8714971174780737	4.487256885285911	421.96245392639395
0.0294912	0.8651769609376249	4.479640263240694	406.5775739979285
0.032768	0.8594088490951375	4.472620601789554	393.393822346589
0.0360448	0.8541014936555452	4.466100985689958	381.9406432069581
0.0393216	0.8491864478108057	4.4600094028838475	371.8727356527997
0.042598399999999995	0.8446102355171917	4.454289692580488	362.9324493961236
0.0458752	0.8403300436743262	4.448896871221334	354.9238120545796
0.049152	0.8363109273307626	4.443794149153448	347.69508818616663
0.0524288	0.8305771376336049	4.436375130348876	338.2768668844922
0.0589824	0.823731716761848	4.427458195113056	327.2952370741384
0.065536	0.8175657121605969	4.41933513630585	317.8647559893495
0.0720896	0.8119557764826572	4.4118642201552	309.66104228649266
0.0786432	0.8068120630116411	4.404943661996715	302.441474962569
0.08519679999999999	0.8020657865769947	4.398495789111588	296.0239586560439
0.0917504	0.7976627546664704	4.392459371366296	290.26968457902245
0.098304	0.7935593134092056	4.386784935394573	285.0710693410044
0.1048576	0.7878465505640843	4.378687387896793	278.4713319026625
0.1179648	0.7810513516787223	4.369013833430299	270.6078675167182
0.131072	0.7749872455342843	4.360280400014203	263.8240224570384
0.1441792	0.7695170637723021	4.352312553620934	257.9070612002101
0.1572864	0.7645406638858544	4.344985790489788	252.6892046599149
0.17039359999999998	0.7599815924603137	4.338205466702718	248.04287111608875
0.1835008	0.7557799730111996	4.331897399715596	243.8701921128649
0.196608	0.7518878848646487	4.326001961475318	240.09505616193465
0.2097152	0.7466423455815114	4.317803440154232	235.49281873390655
0.2359296	0.7403689012441395	4.308008719746906	229.81494449962992
0.262144	0.7348025972452915	4.299226299055204	224.8864777814502
0.2883584	0.7298106273147142	4.291265527654566	220.57178965122105
0.3145728	0.7252939021135731	4.283989242399118	216.7555782631048
0.34078719999999996	0.721176594590053	4.277292945590769	213.34901409673893
0.3670016	0.7173994397044346	4.271094969395697	210.2832156420022
0.393216	0.7139151842945862	4.265329895448326	207.50428132746018
0.4194304	0.709404281099731	4.257564633958957	204.2961428833044
0.4718592	0.7039283139909779	4.248230360515739	200.1513801743496
0.524288	0.699078733156104	4.239897162825489	196.52640314920507
0.5767168	0.6947408822860667	4.232376696778283	193.3373144044647
0.6291456	0.690826092824215	4.225531125336081	190.505799978035
0.6815743999999999	0.6872663326040533	4.219255279216107	187.9704923124644
0.7340032	0.6840082694253906	4.2134670749784044	185.68294363659518
0.786432	0.6810093544654036	4.20810086746899	183.60483741001096
0.8388608	0.6773210177075835	4.201160799045922	181.3640985554957
0.9437184	0.6727266252227501	4.19270196823491	178.30782363489502
1.048576	0.6686472849855374	4.1851576953788925	175.6081626749562
1.1534336	0.6649951427841532	4.178360238871416	173.21794929293654
1.2582912	0.661697935497854	4.172183114910499	171.0854969633256
1.3631487999999998	0.6586997864628992	4.166529671194907	169.16892593534232
1.4680064	0.6559563926334248	4.161324301474523	167.4343544387434
1.572864	0.6534320913236493	4.156506331313375	165.85450526511482
1.6777216	0.6505226056422999	4.150590467130478	164.28042190143478
1.8874368	0.6467634132726449	4.143214611922218	162.0071117352324
2.097152	0.6434018644104882	4.136616695086802	159.97285209461103
2.3068672	0.6403796071183416	4.130662899791802	158.15708578791177
2.5165824	0.6376427804707048	4.125247011530755	156.52739456484184
2.7262975999999997	0.6351487996648725	4.1202874463352375	155.05575025726483
2.9360128	0.6328632337971444	4.115719961604443	153.71883599797386
3.145728	0.630757782548004	4.111492369853552	152.49734652300694
3.3554432	0.6285109821561063	4.10661894460831	151.3785194737638
3.7748736	0.6254758892564093	4.100354281954851	149.67202348953734
4.194304	0.6227323462179039	4.094712657920157	148.1214184165861
4.6137344	0.6202482518320045	4.089598430342439	146.72356462868723
5.0331648	0.6179869123412912	4.084929652550662	145.4597208436287
5.452595199999999	0.6159178410750746	4.080642446612998	144.3116601663941
5.8720256	0.6140158154958422	4.0766861094243705	143.2637670759815
6.291456	0.6122593758451833	4.073018478259316	142.30259783057355
6.7108864	0.610537176076637	4.069084926723684	141.4929271326938
7.5497472	0.6080957488480286	4.063841430406061	140.19660425943525
8.388608	0.6058598194818818	4.059073819958793	138.99964877351726
9.2274688	0.6038166062045732	4.054720647308133	137.90826820613265
10.0663296	0.6019434596250114	4.050723630018267	136.91294102447154
10.905190399999999	0.6002196967513262	4.047035816283972	136.00225909371974
11.7440512	0.5986278626195001	4.043619844259343	135.16613234901803
12.582912	0.597152385911238	4.040443537439569	134.39544609732707
13.4217728	0.5958258432512311	4.037291920439312	133.7956071616042
15.0994944	0.5938526151997892	4.0329200693501805	132.79483325583868
16.777216	0.5920204090025315	4.028899482593514	131.8565570087892
18.4549376	0.5903283322683007	4.0251947225687665	130.99059094243927
20.1326592	0.5887640151475049	4.021767499329953	130.1931439239471
21.810380799999997	0.5873140870361152	4.018585001110437	129.45740211382616
23.4881024	0.5859671400860857	4.015621433187614	128.77711100844817
25.165824	0.5847123891349315	4.012853543249599	128.1463028813173
26.8435456	0.5836746687426142	4.010316499681311	127.68921945997683
30.1989888	0.5820596327317044	4.006649006060516	126.90007155209815
33.554432	0.5805399061971078	4.0032351746844705	126.15006688468853
36.9098752	0.5791206747210135	4.000057058591494	125.44938307589717
40.2653184	0.5777963814376504	3.9970914854302912	124.7974580954017
43.620761599999994	0.5765587693180212	3.994316380595773	124.19044621337432
46.9762048	0.5754008184526651	3.9917150396420897	123.62464879929209
50.331648	0.5743154235270893	3.9892715457605874	123.0963140773237
53.6870912	0.5734835669981337	3.987196700441718	122.73652157045775
60.3979776	0.5721350050445002	3.9840725878149024	122.09759581570765
67.108864	0.5708503632846302	3.981129446761111	121.48318228981992
73.8197504	0.5696372607593994	3.9783600676359137	120.90242869724545
80.5306368	0.5684942868747092	3.97575178285652	120.35640608392819
87.24152319999999	0.5674165873688481	3.9732901418340822	119.84310820377016
93.9524096	0.5664001461565845	3.9709650635096905	119.36047510386959
100.663296	0.5654405421154381	3.9687662662330174	118.90625933910968
107.3741824	0.5647520950171437	3.967025197590217	118.61253803522973
120.7959552	0.5635954051981628	3.964300324779968	118.07869691417416
134.217728	0.562481255043534	3.9617036506314665	117.5600994109077
147.6395008	0.5614178164060873	3.9592341817515244	117.06452312286447
161.0612736	0.560406041630609	3.956886139059113	116.59376968969679
174.48304639999998	0.5594432680099611	3.9546502578957576	116.14693853570013
187.9048192	0.5585274556670392	3.952521041566342	115.72299241743465
201.326592	0.5576560629316802	3.9504923286976887	115.32067570201409
214.7483648	0.557064177143614	3.948980389574098	115.07106877484846
241.5919104	0.5560387510896615	3.946528966628219	114.60859430012243
268.435456	0.5550410378105876	3.9441674602158443	114.1552690415633
295.2790016	0.5540790027126339	3.9418984190384	113.71764181524226
322.1225472	0.5531549037572315	3.9397204627297304	113.29779780626953
348.96609279999996	0.5522674737592967	3.9376277805922575	112.89549463538086
375.8096384	0.5514159563668398	3.9356179818338117	112.51032952346911
402.653184	0.550599101512828	3.933687846064891	112.14169366065481
429.4967296	0.5500677461536925	3.9323193407098462	111.92012677947172
483.1838208	0.5491230056331794	3.9300299447004376	111.50294006634036
536.870912	0.5481951775764279	3.9278019176164416	111.0906080101672
590.5580032	0.5472918685874413	3.9256399414438246	110.68875600493799
644.2450944	0.5464160929390994	3.9235454961943463	110.29957274179276
697.9321855999999	0.5455674877836492	3.921515070918761	109.92321787596538
751.6192768	0.544746153116156	3.919548420187821	109.55969337989909
805.306368	0.5439517411273491	3.9176444489988453	109.20882086121428
858.9934592	0.5434514866816531	3.9163457389999765	109.00273667537813
966.3676416	0.5425425355621615	3.914113846044516	108.60937115101
1073.741824	0.5416418976269137	3.9119206121720427	108.21748742369162
1181.1160064	0.5407569695778784	3.9097722448739654	107.83211983578818
1288.4901888	0.5398913023722844	3.907672256098315	107.45552848510819
1395.8643711999998	0.5390451562142006	3.9056187016577137	107.08814088521555
1503.2385536	0.5382192545676703	3.9036129386591596	106.73023973119332
1610.612736	0.5374139255615976	3.9016555126666064	106.38195392479581
1717.9869184	0.5369181538354576	3.9003569181320668	106.18052638583366
1932.7352832	0.5360009613195538	3.8980743495758245	105.79151951396537
2147.483648	0.5350842532991342	3.8958102368949246	105.40092358306538
2362.2320128	0.534175531037151	3.893572236412333	105.0135063452952
2576.9803776	0.533278884795108	3.89136558904776	104.6316548854102
2791.7287423999996	0.5323950622310577	3.889189480572332	104.25600979290152
3006.4771072	0.5315253230980816	3.8870466654033295	103.88708315725293
3221.225472	0.5306705798094391	3.8849391416107077	103.52525718629771
3435.9738368	0.5301516239598971	3.883565044874956	103.31783626238612
3865.4705664	0.5291771231995389	3.8811049382602305	102.91315344020475
4294.967296	0.5281946918620839	3.8786422648267793	102.50357568605585
4724.4640256	0.5272124004706186	3.8761865028755813	102.0939408825467
5153.9607552	0.5262350697105475	3.8737447708049118	101.68689031247109
5583.457484799999	0.5252639150571486	3.871317170988536	101.28328328200482
6012.9542144	0.5243007769112441	3.868907974332237	100.88386949247437
6442.450944	0.5233471915302839	3.8665207550916314	100.48929075218904
6871.9476736	0.5227715778969395	3.8649757492098007	100.26374614557167
7730.9411328	0.5216773758319884	3.8621692194190924	99.81974933027422
8589.934592	0.520564586001215	3.859334111529435	99.36671173512224
9448.9280512	0.5194425555346225	3.856482675744229	98.9099523397935
10307.9215104	0.5183172647216755	3.853624593203541	98.4525894077651
11166.914969599999	0.5171905058350539	3.8507608927598906	97.99577197936749
12025.9084288	0.5160649127803965	3.8478979151639017	97.54056494371632
12884.901888	0.5149428602425092	3.8450413750512995	97.08794868294223
13743.8953472	0.5142642772736541	3.8431878527261683	96.82853063895789
15461.8822656	0.5129615492023075	3.8397842821353336	96.31382898929616
17179.869184	0.5116248560286054	3.836314740353046	95.78426729163266
18897.8561024	0.5102660289787432	3.832796255061745	95.24625689775763
20615.8430208	0.5088930595740895	3.8292426637786297	94.70379226712713
22333.829939199997	0.5075086420238217	3.825656295633282	94.15848917584897
24051.8168576	0.5061167203292078	3.822046917343802	93.61192197280124
25769.803776	0.5047210383001751	3.8184237717611857	93.06561043739059
27487.7906944	0.5038686365610221	3.816041571663196	92.74985350979391
30923.7645312	0.502219843260565	3.811636283310996	92.11917847534392
34359.738368	0.500512877690586	3.8071052446635534	91.46491505763845
37795.7122048	0.4987643922647895	3.8024746326099623	90.79564903403104
41231.6860416	0.49698614215595505	3.7977659674954296	90.11702253331879
44667.659878399994	0.4951825276064534	3.7929841228861854	89.43151404141602
48103.6337152	0.4933599846137895	3.7881454433630006	88.74164210248533
51539.607552	0.4915248305015259	3.7832658888533865	88.04990877933308
54975.5813888	0.49038272285674583	3.779974743409794	87.6441465582313
61847.5290624	0.4881628595051858	3.773871856640427	86.82959946442074
68719.476736	0.48584495963404084	3.767541584210448	85.97814880395372
75591.4244096	0.48345555414463504	3.761029559841587	85.10272861483908
82463.3720832	0.4810140025335913	3.7543731021543305	84.21221896488008
89335.31975679999	0.4785283896883781	3.7475832574059136	83.31083823667865
96207.2674304	0.47601037096654686	3.740690399019592	82.40299285078329
103079.215104	0.4734715075713102	3.7337244472181457	81.49308054066833
109951.1627776	0.471843270936011	3.728830145188633	80.94703615715433
123695.0581248	0.46867509006047714	3.7197797933856536	79.84834674562715
137438.953472	0.4653434978824834	3.7103265903345735	78.693539955657
151182.8488192	0.4618967653376529	3.700561673727021	77.50457422500611
164926.7441664	0.45837053989008403	3.690557283673628	76.2968643851128
178670.63951359998	0.4547813061093938	3.6803405271970138	75.07817285036319
192414.5348608	0.4511519664431862	3.6699729845269338	73.85662218310591
206158.430208	0.4475046693918715	3.6595137130930593	72.640056450685
219902.3255552	0.44505757868316353	3.6517025744798284	71.88480266942473
247390.1162496	0.4403187179310968	3.637410782960119	70.36931383174014
274877.906944	0.43531858761956377	3.6224288142874737	68.77559988248001
302365.6976384	0.4301554540165268	3.6069599909447696	67.14442810500931
329853.4883328	0.4248995024159894	3.591153210303876	65.50365153049074
357341.27902719995	0.4195849380901733	3.5750742387007977	63.86721621422499
384829.0697216	0.41425660369915024	3.558849312645761	62.249200002479554
412316.860416	0.4089543889277518	3.542589706330317	60.661939127092445
439804.6511104	0.40515368757925074	3.5293403343903806	59.625377251925805
494780.2324992	0.39789907955425907	3.5056242070513917	57.57075946071455
549755.813888	0.3902790435198279	3.4808347734370155	55.43161865043957
604731.3952768	0.38250124299775873	3.4554398676211724	53.28351762327056
659706.9766656	0.374697061528706	3.4297283685769813	51.17190980312399
714682.5580543999	0.3669271898494566	3.4038362550066634	49.11623601771977
769658.1394432	0.3592659713154769	3.377990774553671	47.13453045447194
824633.720832	0.35176779874789715	3.3523580408209983	45.23900839608722
879609.3022208	0.34587021342955027	3.3288988996743423	43.90499973225638
989560.4649984	0.3349562993731758	3.2884796693152625	41.340907434201554
1.099511627776e6	0.3237146781049273	3.2468011296046027	38.75135940383338
1.2094627905536e6	0.3125365852875224	3.204822824250676	36.252431143561246
1.3194139533312e6	0.30160693647793446	3.1629585745215762	33.89344874101966
1.4293651161087998e6	0.29099276525241574	3.1214096588323343	31.68444891504022
1.5393162788864e6	0.280772977235431	3.0804700579868425	29.633026198774
1.649267441664e6	0.2709787565091828	3.0402777065281716	27.736844353573648
1.649267441664e6	0.2695998863151962	3.031701680033787	27.544810539767354
1.7592186044416e6	0.2623362659264096	2.9982400907887587	26.262310987774722
1.8691697672191998e6	0.25483224545941363	2.9643475248528883	24.932847761260664
1.9791209299968e6	0.2472644153049779	2.930044439622741	23.611595604387702
2.0890720927744e6	0.23977612557346994	2.895791588842843	22.33127695945029
2.199023255552e6	0.23240994761568795	2.861589759048129	21.104195584244724
2.3089744183296e6	0.22523199120200255	2.8277240858077315	19.93973134698302
2.4189255811072e6	0.2182723360755223	2.7942741525324903	18.841433009052636
2.5288767438848e6	0.21151461805540134	2.761136137538497	17.80580896228264
2.6388279066624e6	0.2049527907954377	2.728320504001055	16.829096742023246
2.7487790694399998e6	0.1985989420731779	2.6959110841715654	15.909657779689926
2.8587302322175996e6	0.19245633120910813	2.663932743772671	15.045363615486622
2.9686813949952e6	0.18652241317695809	2.6323940213174652	14.233414468888103
3.0786325577728e6	0.18079190605960413	2.601296788734555	13.47069630588285
3.1885837205503997e6	0.17525755994733608	2.5706335402427443	12.753986393140353
3.298534883328e6	0.16991090421857635	2.540390585610149	12.080087137184831
3.4084860461056e6	0.16472994560015866	2.510477509397809	11.444702221662446
