0.0	0.6616877360785709
0.022013161736865416	0.6616982039854806
0.04402632347373083	0.6617299936028428
0.06603948521059624	0.6617828350624868
0.08805264694746166	0.6618567994561537
0.11006580868432708	0.6619518948821762
0.1320789704211925	0.6620681201789124
0.15409213215805792	0.6622054736434695
0.17610529389492333	0.662363953461859
0.19811845563178873	0.6625435574621946
0.22013161736865416	0.6627442831766308
0.24214477910551957	0.6629661278122982
0.264157940842385	0.6632090882463252
0.2861711025792504	0.6634731610119624
0.30818426431611584	0.663758342290686
0.33019742605298125	0.6640646278954029
0.35221058778984665	0.6643920132577081
0.37422374952671206	0.6647404934126002
0.39623691126357746	0.6651100629817692
0.4182500730004429	0.6655007161562148
0.44026323473730833	0.6659124466777495
0.46227639647417373	0.666345247819499
0.48428955821103914	0.6667991123650577
0.5063027199479045	0.6672740325869093
0.52831588168477	0.6677700002235211
0.5503290434216354	0.6682870064554775
0.5723422051585008	0.6688250418805184
0.5943553668953663	0.669384096487482
0.6163685286322317	0.6699641596291727
0.6383816903690971	0.6705652199941358
0.6603948521059625	0.6711872655773832
0.6824080138428279	0.6718302836499825
0.7044211755796933	0.6724942607276031
0.7264343373165587	0.6731791825379557
0.7484474990534241	0.6738850339871482
0.7704606607902895	0.6746117991249534
0.7924738225271549	0.6753594611089957
0.8144869842640203	0.6761280021678472
0.8365001460008858	0.6769174035630349
0.8585133077377513	0.6777276455499686
0.8805264694746167	0.6785587073377858
0.9025396312114821	0.6794105670481128
0.9245527929483475	0.6802832016727479
0.9465659546852129	0.6811765870302698
0.9685791164220783	0.6820906977215744
0.9905922781589437	0.6830255070843406
1.012605439895809	0.6839809871464362
1.0346186016326746	0.6849571085782625
1.05663176336954	0.6859538406440469
1.0786449251064054	0.6869711511520907
1.1006580868432707	0.6880090064039783
1.1226712485801362	0.6890673711427538
1.1446844103170015	0.6901462085000795
1.166697572053867	0.6912454799423794
1.1887107337907326	0.6923651452159856
1.2107238955275978	0.6935051622912923
1.2327370572644634	0.6946654873059358
1.2547502190013287	0.6958460745070107
1.2767633807381942	0.6970468761923398
1.2987765424750595	0.6982678426508115
1.320789704211925	0.6995089221018037
1.3428028659487903	0.7007700606337106
1.3648160276856558	0.7020512021415963
1.386829189422521	0.703352288263991
1.4088423511593866	0.7046732583188562
1.4308555128962521	0.7060140492387418
1.4528686746331174	0.7073745955051591
1.474881836369983	0.7087548290822014
1.4968949981068482	0.7101546793494324
1.5189081598437137	0.7115740730340826
1.540921321580579	0.7130129341425778
1.5629344833174446	0.7144711838914382
1.5849476450543099	0.7159487406375795
1.6069608067911754	0.7174455198080595
1.6289739685280407	0.7189614338293008
1.6509871302649062	0.72049639205584
1.6730002920017717	0.7220503006986391
1.695013453738637	0.7236230627530086
1.7170266154755025	0.7252145779261889
1.7390397772123678	0.7268247425646375
1.7610529389492333	0.7284534495810753
1.7830661006860986	0.7301005883813471
1.8050792624229641	0.7317660447911474
1.8270924241598294	0.7334497009826761
1.849105585896695	0.7351514354012804
1.8711187476335602	0.7368711226921466
1.8931319093704257	0.7386086336271087
1.9151450711072913	0.74036383503164
1.9371582328441566	0.7421365897120988
1.959171394581022	0.7439267563832999
1.9811845563178874	0.7457341895964882
2.0031977180547527	0.747558739667791
2.025210879791618	0.7494002526072294
2.0472240415284837	0.7512585700483722
2.069237203265349	0.7531335291787145
2.0912503650022143	0.7550249626708737
2.11326352673908	0.7569326986146868
2.1352766884759453	0.7588565604503064
2.157289850212811	0.7607963669023878
2.1793030119496763	0.7627519319154652
2.2013161736865414	0.7647230645906179
2.223329335423407	0.7667095691235253
2.2453424971602725	0.7687112447440192
2.267355658897138	0.7707278856572382
2.289368820634003	0.7727592809864919
2.3113819823708686	0.7748052147179482
2.333395144107734	0.7768654656472549
2.3554083058445996	0.7789398073282122
2.377421467581465	0.7810280080236123
2.39943462931833	0.7831298306583636
2.4214477910551957	0.7852450327750233
2.443460952792061	0.7873733664918569
2.4654741145289267	0.7895145784635489
2.487487276265792	0.7916684098446933
2.5095004380026573	0.7938345962561824
2.531513599739523	0.7960128677546283
2.5535267614763884	0.7982029488049424
2.5755399232132534	0.800404558256197
2.597553084950119	0.802617409320909
2.6195662466869845	0.8048412095578608
2.64157940842385	0.8070756608586029
2.6635925701607155	0.8093204594377553
2.6856057318975806	0.8115752958272453
2.707618893634446	0.8138398548746067
2.7296320553713116	0.8161138157454699
2.751645217108177	0.8183968519303682
2.773658378845042	0.8206886312559891
2.7956715405819077	0.8229888159009939
2.817684702318773	0.8252970624165257
2.8396978640556387	0.8276130217515303
2.8617110257925042	0.8299363392830063
2.8837241875293693	0.8322666548513004
2.905737349266235	0.8346036028005612
2.9277505110031004	0.8369468120244598
2.949763672739966	0.8392959060172849
2.971776834476831	0.8416505029305132
2.9937899962136965	0.8440102156349556
3.015803157950562	0.8463746517885679
3.0378163196874275	0.8487434139100215
3.059829481424293	0.8511160994581111
3.081842643161158	0.853492300917082
3.1038558048980236	0.8558716058879471
3.125868966634889	0.858253597185861
3.1478821283717546	0.8606378529436101
3.1698952901086197	0.8630239467212689
3.191908451845485	0.8654114476220758
3.2139216135823507	0.8677999204145567
3.2359347753192163	0.8701889256609335
3.2579479370560813	0.872578019851837
3.279961098792947	0.8749667555473396
3.3019742605298124	0.877354681524309
3.323987422266678	0.8797413429300842
3.3460005840035434	0.8821262814424556
3.3680137457404085	0.8845090354359291
3.390026907477274	0.8868891401542398
3.4120400692141395	0.8892661278890733
3.434053230951005	0.8916395281649403
3.45606639268787	0.8940088679301413
3.4780795544247356	0.8963736717537474
3.500092716161601	0.8987334620285095
3.5221058778984666	0.9010877591796023
3.544119039635332	0.9034360818790932
3.566132201372197	0.9057779472660167
3.5881453631090627	0.9081128711719265
3.6101585248459283	0.9104403683517799
3.6321716865827938	0.9127599527200049
3.654184848319659	0.9150711375915797
3.6761980100565244	0.9173734359279554
3.69821117179339	0.9196663605876266
3.7202243335302554	0.9219494245811565
3.7422374952671205	0.9242221413304424
3.764250657003986	0.9264840249320028
3.7862638187408515	0.9287345904240503
3.808276980477717	0.9309733540571107
3.8302901422145825	0.9331998335679319
3.8523033039514476	0.9354135484564196
3.874316465688313	0.9376140202653263
3.8963296274251786	0.9398007728624089
3.918342789162044	0.9419733327247627
3.940355950898909	0.9441312292250318
3.9623691126357747	0.9462739949191813
3.9843822743726403	0.9484011658355191
4.006395436109505	0.9505122817646368
4.028408597846371	0.9526068865499405
4.050421759583236	0.95468452837843
4.072434921320102	0.9567447600713834
4.094448083056967	0.9587871393745978
4.1164612447938325	0.9608112292478268
4.138474406530698	0.9628165981530624
4.1604875682675635	0.9648028203412947
4.182500730004429	0.9667694761373873
4.2045138917412945	0.968716152222699
4.22652705347816	0.9706424419150879
4.248540215215026	0.9725479454459266
4.270553376951891	0.974432270233762
4.292566538688756	0.9762950311542521
4.314579700425622	0.9781358508060158
4.336592862162487	0.9799543597720324
4.358606023899353	0.9817501968762322
4.380619185636218	0.9835230094349232
4.402632347373083	0.9852724535027042
4.424645509109949	0.9869981941125205
4.446658670846814	0.9886999055095238
4.46867183258368	0.9903772713784066
4.490684994320545	0.9920299850638886
4.51269815605741	0.9936577497840426
4.534711317794276	0.9952602788361526
4.556724479531141	0.9968372957948148
4.578737641268006	0.9983885347019961
4.600750803004872	0.999913740248777
4.622763964741737	1.0014126679485233
4.644777126478603	1.0028850843012391
4.666790288215468	1.0043307669488637
4.688803449952333	1.0057495048213
4.710816611689199	1.0071410982729658
4.732829773426064	1.0085053592096762
4.75484293516293	1.009842111205687
4.776856096899795	1.0111511896107366
4.79886925863666	1.0124324416469446
4.820882420373526	1.0136857264954418
4.842895582110391	1.0149109153726186
4.8649087438472565	1.016107891595902
4.886921905584122	1.017276550638985
4.9089350673209875	1.018416800176444
4.9309482290578535	1.0195285601177146
4.9529613907947185	1.0206117626303868
4.974974552531584	1.0216663521528258
4.99698771426845	1.022692285396121
5.019000876005315	1.0236895313353933
5.041014037742181	1.0246580711905071
5.063027199479046	1.025597898396246
5.085040361215911	1.0265090185620316
5.107053522952777	1.027391449421281
5.129066684689642	1.0282452207705142
5.151079846426507	1.0290703743983352
5.173093008163373	1.029866964004433
5.195106169900238	1.0306350551087564
5.217119331637104	1.0313747249510372
5.239132493373969	1.032086062380843
5.261145655110834	1.0327691677383652
5.2831588168477	1.0334241527261487
5.305171978584565	1.0340511402719905
5.327185140321431	1.0346502643832445
5.349198302058296	1.0352216699927783
5.371211463795161	1.0357655127968415
5.393224625532027	1.036281959085113
5.415237787268892	1.0367711855632054
5.437250949005758	1.0372333791679111
5.459264110742623	1.0376687368754864
5.481277272479488	1.0380774655032712
5.503290434216354	1.0384597815049532
5.525303595953219	1.0388159107597912
5.547316757690084	1.0391460883561117
5.56932991942695	1.0394505583694054
5.591343081163815	1.0397295736353442
5.613356242900681	1.0399833955180522
5.635369404637546	1.0402122936739575
5.6573825663744115	1.0404165458115597
5.6793957281112775	1.0405964374474435
5.7014088898481425	1.0407522616588716
5.7234220515850085	1.0408843188332915
5.745435213321874	1.0409929164150815
5.767448375058739	1.0410783686498724
5.789461536795605	1.041140996326763
5.81147469853247	1.041181126518761
5.833487860269335	1.0411990923217602
5.855501022006201	1.0411952325923781
5.877514183743066	1.0411698916849592
5.899527345479932	1.0411234191880476
5.921540507216797	1.0410561696606373
5.943553668953662	1.040968502368483
5.965566830690528	1.0408607810207668
5.987579992427393	1.0407333735073965
6.009593154164259	1.0405866516372089
6.031606315901124	1.0404209908773443
6.053619477637989	1.0402367700940498
6.075632639374855	1.0400343712951559
6.09764580111172	1.039814179374474
6.119658962848586	1.0395765818583391
6.141672124585451	1.0393219686545259
6.163685286322316	1.0390507318037494
6.185698448059182	1.0387632652339542
6.207711609796047	1.0384599645175892
6.229724771532912	1.038141226632052
6.251737933269778	1.037807449723479
6.273751095006643	1.0374590328740498
6.295764256743509	1.0370963758729592
6.317777418480374	1.03671987899121
6.339790580217239	1.0363299427603554
6.361803741954105	1.0359269677553316
6.38381690369097	1.0355113543814878
6.405830065427836	1.0350835026659315
6.4278432271647015	1.034643812053284
6.4498563889015665	1.0341926812059423
6.4718695506384325	1.0337305078089258
6.493882712375298	1.0332576883793823
6.515895874112163	1.0327746180808202
6.537909035849029	1.03228169054212
6.559922197585894	1.031779297681375
6.58193535932276	1.0312678295346025
6.603948521059625	1.0307476740893522
6.62596168279649	1.0302192171232447
6.647974844533356	1.0296828420474486
6.669988006270221	1.0291389297551117
6.692001168007087	1.0285878584747459
6.714014329743952	1.0280300036285648
6.736027491480817	1.0274657376957608
6.758040653217683	1.0268954300807076
6.780053814954548	1.0263194469860635
6.802066976691413	1.0257381512907509
6.824080138428279	1.025151902432773
6.846093300165144	1.0245610562968364
6.86810646190201	1.0239659651067277
6.890119623638875	1.0233669773224048
6.91213278537574	1.0227644375417426
6.934145947112606	1.0221586864068826
6.956159108849471	1.021550060515122
6.978172270586337	1.02093889233428
7.000185432323202	1.020325510122475
7.022198594060067	1.0197102378522405
7.044211755796933	1.0190933951389067
7.066224917533798	1.0184752971731739
7.088238079270664	1.0178562546577974
7.110251241007529	1.0172365737483042
7.132264402744394	1.0166165559976605
7.15427756448126	1.015996498304804
7.1762907262181255	1.0153766928669572
7.1983038879549905	1.0147574271356337
7.2203170496918565	1.014138983776252
7.242330211428722	1.013521640631264
7.2643433731655875	1.0129056706867128
7.286356534902453	1.0122913420421282
7.308369696639318	1.0116789178836691
7.330382858376184	1.0110686564604214
7.352396020113049	1.0104608110637634
7.374409181849915	1.0098556300097068
7.39642234358678	1.0092533566241213
7.418435505323645	1.008654229230755
7.440448667060511	1.0080584811419604
7.462461828797376	1.0074663406520372
7.484474990534241	1.0068780310331034
7.506488152271107	1.0062937705334072
7.528501314007972	1.0057137723779948
7.550514475744838	1.0051382447716461
7.572527637481703	1.004567390903998
7.594540799218568	1.0040014089567673
7.616553960955434	1.003440492112996
7.638567122692299	1.0028848285682364
7.660580284429165	1.002334601543596
7.68259344616603	1.0017899893005697
7.704606607902895	1.0012511651575748
7.726619769639761	1.000718297508124
7.748632931376626	1.0001915498405567
7.770646093113492	0.999671080759261
7.792659254850357	0.9991570440073146
7.814672416587222	0.9986495884904819
7.836685578324088	0.9981488583024936
7.858698740060953	0.9976549927515521
7.880711901797818	0.9971681263879983
7.902725063534684	0.9966883890330752
7.9247382252715495	0.9962159058087368
7.946751387008415	0.9957507971684395
7.9687645487452805	0.9952931789288648
7.990777710482146	0.9948431623025188
8.01279087221901	0.9944008539311567
8.034804033955878	0.993966355919984
8.056817195692743	0.9935397658725869
8.078830357429608	0.9931211769265456
8.100843519166473	0.9927106777896857
8.122856680903338	0.9923083527769285
8.144869842640205	0.9919142818476956
8.16688300437707	0.9915285406438334
8.188896166113935	0.9911512005280178
8.2109093278508	0.9907823286226048
8.232922489587665	0.9904219878488949
8.254935651324532	0.9900702369667753
8.276948813061397	0.9897271306147165
8.298961974798262	0.9893927193500872
8.320975136535127	0.9890670496897673
8.342988298271992	0.9887501641510285
8.365001460008857	0.98844210129266
8.387014621745724	0.9881428957563211
8.409027783482589	0.9878525783080913
8.431040945219454	0.9875711758802068
8.45305410695632	0.9872987116129593
8.475067268693184	0.9870352048967447
8.497080430430051	0.9867806714142408
8.519093592166916	0.9865351231827064
8.541106753903781	0.9862985685963842
8.563119915640646	0.986071012468995
8.585133077377511	0.9858524560763178
8.607146239114378	0.9856428971988397
8.629159400851243	0.9854423301644737
8.651172562588108	0.9852507458913301
8.673185724324973	0.9850681319305422
8.695198886061839	0.984894472509135
8.717212047798705	0.9847297485729359
8.73922520953557	0.984573937829524
8.761238371272436	0.9844270147912111
8.7832515330093	0.9842889508180589
8.805264694746166	0.9841597141609262
8.827277856483033	0.9840392700045468
8.849291018219898	0.9839275805106411
8.871304179956763	0.9838246048610592
8.893317341693628	0.9837302993009569
8.915330503430493	0.9836446171820117
8.93734366516736	0.9835675090056746
8.959356826904225	0.9834989224664656
8.98136998864109	0.983438802495317
9.003383150377955	0.9833870913029644
9.02539631211482	0.9833437284233941
9.047409473851685	0.983308650757351
9.069422635588552	0.9832817926159112
9.091435797325417	0.9832630857641247
9.113448959062282	0.9832524594647348
9.135462120799147	0.9832498405219826
9.157475282536012	0.9832551533254968
9.179488444272879	0.9832683198942817
9.201501606009744	0.9832892599208051
9.22351476774661	0.9833178908151962
9.245527929483474	0.9833541277495583
9.26754109122034	0.983397883702402
9.289554252957206	0.9834490695032091
9.311567414694071	0.9835075938771304
9.333580576430936	0.9835733634898244
9.355593738167801	0.9836462829924474
9.377606899904666	0.9837262550667945
9.399620061641533	0.9838131804706031
9.421633223378398	0.9839069580830246
9.443646385115263	0.9840074849502656
9.465659546852129	0.9841146563314092
9.487672708588994	0.9842283657444197
9.50968587032586	0.9843485050123358
9.531699032062726	0.9844749643096544
9.55371219379959	0.9846076322089153
9.575725355536456	0.9847463957274849
9.59773851727332	0.9848911403745447
9.619751679010186	0.9850417501982885
9.641764840747053	0.9851981078333303
9.663778002483918	0.9853600945483232
9.685791164220783	0.9855275902937952
9.707804325957648	0.9857004737501988
9.729817487694513	0.985878622376178
9.75183064943138	0.9860619124570514
9.773843811168245	0.9862502191535123
9.79585697290511	0.9864434165505421
9.817870134641975	0.98664137770654
9.83988329637884	0.9868439747026622
9.861896458115707	0.9870510786923701
9.883909619852572	0.9872625599511843
9.905922781589437	0.9874782879266404
9.927935943326302	0.9876981312884393
9.949949105063167	0.9879219579787913
9.971962266800034	0.9881496352629435
9.9939754285369	0.9883810297798857
10.015988590273764	0.9886160075932298
10.03800175201063	0.9888544342422478
10.060014913747494	0.989096174793069
10.082028075484361	0.9893410938900179
10.104041237221226	0.9895890558070899
10.126054398958091	0.9898399244995479
10.148067560694956	0.9900935636556335
10.170080722431821	0.9903498367483772
10.192093884168688	0.990608607087495
10.214107045905553	0.9908697378713603
10.236120207642418	0.9911330922390329
10.258133369379284	0.9913985333223336
10.280146531116149	0.9916659242979468
10.302159692853014	0.9919351284395347
10.32417285458988	0.992206009169849
10.346186016326746	0.9924784301128178
10.36819917806361	0.9927522551455921
10.390212339800476	0.9930273484505365
10.41222550153734	0.9933035745671362
10.434238663274208	0.9935807984438098
10.456251825011073	0.9938588854895989
10.478264986747938	0.9941377016257213
10.500278148484803	0.9944171133369599
10.522291310221668	0.9946969877228677
10.544304471958535	0.9949771925487675
10.5663176336954	0.9952575962965204
10.588330795432265	0.9955380682150436
10.61034395716913	0.9958184783705489
10.632357118905995	0.9960986976964813
10.654370280642862	0.9963785980431314
10.676383442379727	0.9966580522268982
10.698396604116592	0.9969369340791746
10.720409765853457	0.9972151184948322
10.742422927590322	0.9974924814802798
10.764436089327189	0.9977689002010677
10.786449251064054	0.9980442530290132
10.80846241280092	0.9983184195888225
10.830475574537784	0.9985912808041776
10.85248873627465	0.9988627189432695
10.874501898011516	0.9991326176637433
10.896515059748381	0.999400862057034
10.918528221485246	0.999667338692066
10.940541383222111	0.9999319356582868
10.962554544958977	1.000194542608012
10.984567706695842	1.0004550507980552
11.006580868432708	1.000713353130614
11.028594030169574	1.0009693441933907
11.050607191906439	1.0012229202989182
11.072620353643304	1.0014739795230683
11.094633515380169	1.001722421742717
11.116646677117036	1.0019681486725427
11.1386598388539	1.0022110639009314
11.160673000590766	1.0024510729249676
11.18268616232763	1.002688083184487
11.204699324064496	1.0029220040951663
11.226712485801363	1.0031527470806303
11.248725647538228	1.0033802256035547
11.270738809275093	1.0036043551957412
11.292751971011958	1.0038250534871471
11.314765132748823	1.0040422402338471
11.33677829448569	1.0042558373449124
11.358791456222555	1.0044657689081817
11.38080461795942	1.0046719612149155
11.402817779696285	1.0048743427833082
11.42483094143315	1.0050728443808483
11.446844103170017	1.0052673990455083
11.468857264906882	1.0054579421057506
11.490870426643747	1.0056444111993357
11.512883588380612	1.0058267462909216
11.534896750117477	1.0060048896884408
11.556909911854344	1.0061787860582445
11.57892307359121	1.0063483824390047
11.600936235328074	1.0065136282543672
11.62294939706494	1.0066744753243424
11.644962558801804	1.006830877875433
11.66697572053867	1.006982792549489
11.688988882275536	1.0071301784112872
11.711002044012401	1.0072729969548293
11.733015205749266	1.0074112121083576
11.755028367486132	1.007544790238086
11.777041529222997	1.0076737001506468
11.799054690959863	1.0077979130942503
11.821067852696729	1.0079174027585625
11.843081014433594	1.0080321452733012
11.865094176170459	1.0081421192055544
11.887107337907324	1.0082473055558265
11.90912049964419	1.0083476877528157
11.931133661381056	1.0084432516469315
11.95314682311792	1.0085339855025592
11.975159984854786	1.00861987998908
11.997173146591651	1.0087009281706545
12.019186308328518	1.0087771254947848
12.041199470065383	1.0088484697796627
12.063212631802248	1.0089149612003174
12.085225793539113	1.0089766022735773
12.107238955275978	1.0090333978418609
12.129252117012845	1.0090853550558088
12.15126527874971	1.0091324833557787
12.173278440486575	1.0091747944522134
12.19529160222344	1.009212302304906
12.217304763960305	1.0092450231011794
12.239317925697172	1.0092729752329952
12.261331087434037	1.0092961792730206
12.283344249170902	1.0093146579496668
12.305357410907767	1.0093284361211243
12.327370572644632	1.0093375407484177
12.349383734381497	1.0093420008675025
12.371396896118364	1.0093418475604263
12.39341005785523	1.0093371139255816
12.415423219592094	1.0093278350470722
12.43743638132896	1.0093140479632219
12.459449543065825	1.0092957916342469
12.481462704802691	1.0092731069091236
12.503475866539556	1.0092460364916747
12.525489028276422	1.0092146249059017
12.547502190013287	1.0091789184605944
12.569515351750152	1.0091389652132392
12.591528513487019	1.0090948149332617
12.613541675223884	1.009046519064627
12.635554836960749	1.008994130687827
12.657567998697614	1.0089377044812868
12.679581160434479	1.008877296682218
12.701594322171346	1.0088129650469426
12.72360748390821	1.0087447688107287
12.745620645645076	1.008672768647155
12.76763380738194	1.0085970266270419
12.789646969118806	1.0085176061769756
12.811660130855673	1.0084345720374543
12.833673292592538	1.008347990220688
12.855686454329403	1.0082579279680788
12.877699616066268	1.0081644537074121
12.899712777803133	1.0080676370097899
12.92172593954	1.0079675485463302
12.943739101276865	1.007864260044666
12.96575226301373	1.00775784424527
12.987765424750595	1.0076483748576341
13.00977858648746	1.0075359265163315
13.031791748224325	1.0074205747369884
13.053804909961192	1.007302395872194
13.075818071698057	1.0071814670673758
13.097831233434922	1.007057866216665
13.119844395171787	1.0069316719187804
13.141857556908652	1.006802963432956
13.16387071864552	1.0066718206349379
13.185883880382384	1.0065383239730745
13.20789704211925	1.006402554424527
13.229910203856114	1.0062645934516206
13.25192336559298	1.006124522958365
13.273936527329846	1.0059824252471625
13.295949689066711	1.0058383829757291
13.317962850803577	1.0056924791142503
13.339976012540442	1.0055447969027922
13.361989174277307	1.0053954198089907
13.384002336014174	1.0052444314860376
13.406015497751039	1.005091915730983
13.428028659487904	1.0049379564433776
13.450041821224769	1.0047826375842666
13.472054982961634	1.004626043135561
13.4940681446985	1.004468257059797
13.516081306435366	1.0043093632603068
13.53809446817223	1.0041494455418125
13.560107629909096	1.00398858757146
13.582120791645961	1.0038268728403112
13.604133953382826	1.003664384625305
13.626147115119693	1.0035012059517032
13.648160276856558	1.0033374195560354
13.670173438593423	1.0031731078495543
13.692186600330288	1.0030083528822147
13.714199762067153	1.0028432363071873
13.73621292380402	1.0026778393459206
13.758226085540885	1.002512242753756
13.78023924727775	1.0023465267861147
13.802252409014615	1.002180771165257
13.82426557075148	1.0020150550476297
13.846278732488347	1.0018494569918057
13.868291894225212	1.001684054927027
13.890305055962077	1.0015189261223543
13.912318217698942	1.0013541471564347
13.934331379435807	1.0011897938878909
13.956344541172674	1.0010259414263372
13.97835770290954	1.0008626641040301
14.000370864646404	1.0007000354481572
14.02238402638327	1.0005381281537669
14.044397188120135	1.0003770140573465
14.066410349857001	1.0002167641110484
14.088423511593867	1.0000574483575708
14.110436673330732	0.9998991359056922
14.132449835067597	0.9997418949064654
14.154462996804462	0.9995857925300692
14.176476158541329	0.9994308949433225
14.198489320278194	0.9992772672878589
14.220502482015059	0.9991249736589655
14.242515643751924	0.9989740770850823
14.264528805488789	0.9988246395079676
14.286541967225654	0.9986767217635225
14.30855512896252	0.9985303835632791
14.330568290699386	0.9983856834765495
14.352581452436251	0.9982426789132339
14.374594614173116	0.9981014261072867
14.396607775909981	0.9979619801008381
14.418620937646848	0.9978243947289713
14.440634099383713	0.9976887226051501
14.462647261120578	0.9975550151072956
14.484660422857443	0.9974233223645109
14.506673584594308	0.9972936932444466
14.528686746331175	0.9971661753413076
14.55069990806804	0.9970408149644977
14.572713069804905	0.9969176571278964
14.59472623154177	0.9967967455397629
14.616739393278635	0.9966781225932705
14.638752555015502	0.9965618293576565
14.660765716752367	0.996447905569995
14.682778878489232	0.9963363896275771
14.704792040226097	0.9962273185809039
14.726805201962962	0.99612072812728
14.74881836369983	0.9960166526050079
14.770831525436694	0.995915124988176
14.79284468717356	0.9958161768820355
14.814857848910425	0.9957198385189623
14.83687101064729	0.9956261387549978
14.858884172384156	0.9955351050669642
14.880897334121022	0.9954467635501474
14.902910495857887	0.9953611389165462
14.924923657594752	0.9952782544936767
14.946936819331617	0.9951981322239316
14.968949981068482	0.9951207926644879
14.990963142805349	0.9950462549877535
15.012976304542214	0.9949745369823538
15.034989466279079	0.9949056550546482
15.057002628015944	0.994839624230771
15.079015789752809	0.9947764581591944
15.101028951489676	0.9947161691138046
15.123042113226541	0.9946587679974873
15.145055274963406	0.9946042643462157
15.167068436700271	0.994552666333638
15.189081598437136	0.9945039807761542
15.211094760174003	0.994458213138481
15.233107921910868	0.9944153675396981
15.255121083647733	0.9943754467597666
15.277134245384598	0.9943384522465207
15.299147407121463	0.9943043841231195
15.32116056885833	0.9942732411959593
15.343173730595195	0.9942450209630375
15.36518689233206	0.9942197196227627
15.387200054068925	0.9941973320832063
15.40921321580579	0.9941778519717902
15.431226377542657	0.9941612716454034
15.453239539279522	0.9941475822009415
15.475252701016387	0.9941367734862673
15.497265862753252	0.9941288341115813
15.519279024490118	0.9941237514612009
15.541292186226984	0.9941215117057398
15.56330534796385	0.9941220998146824
15.585318509700715	0.9941254995693498
15.60733167143758	0.9941316935762475
15.629344833174445	0.9941406632807932
15.65135799491131	0.9941523889814149
15.673371156648177	0.9941668498440164
15.695384318385042	0.9941840239168053
15.717397480121907	0.9942038881454718
15.739410641858772	0.9942264183887196
15.761423803595637	0.9942515894341392
15.783436965332504	0.9942793750144158
15.805450127069369	0.9943097478238709
15.827463288806234	0.9943426795353275
15.849476450543099	0.9943781408172936
15.871489612279964	0.9944161013514583
15.89350277401683	0.9944565298504948
15.915515935753696	0.9944993940761631
15.937529097490561	0.9945446608577057
15.959542259227426	0.9945922961105321
15.981555420964291	0.9946422648551815
16.003568582701156	0.9946945312365635
16.02558174443802	0.9947490585434627
16.047594906174886	0.9948058092283067
16.069608067911755	0.994864744927188
16.09162122964862	0.9949258264801327
16.113634391385485	0.99498901395161
16.13564755312235	0.9950542666512762
16.157660714859215	0.9951215431549437
16.17967387659608	0.9951908013257706
16.201687038332945	0.9952619983356626
16.22370020006981	0.9953350906868775
16.245713361806676	0.9954100342338307
16.26772652354354	0.9954867842050867
16.28973968528041	0.9955652952255366
16.311752847017274	0.9956455213387474
16.33376600875414	0.9957274160294787
16.355779170491004	0.9958109322463595
16.37779233222787	0.9958960224247139
16.399805493964735	0.9959826385095317
16.4218186557016	0.9960707319785713
16.443831817438465	0.9961602538655907
16.46584497917533	0.9962511547836953
16.487858140912195	0.9963433849487958
16.509871302649064	0.9964368942031655
16.53188446438593	0.996531632039091
16.553897626122794	0.9966275476226066
16.57591078785966	0.9967245898173005
16.597923949596524	0.9968227072081888
16.61993711133339	0.9969218481256447
16.641950273070254	0.9970219606693754
16.66396343480712	0.9971229927324365
16.685976596543984	0.997224892025274
16.70798975828085	0.9973276060997869
16.730002920017714	0.9974310823733981
16.752016081754583	0.9975352681531263
16.774029243491448	0.997640110659647
16.796042405228313	0.9977455570513344
16.818055566965178	0.997851554448275
16.840068728702043	0.9979580499562398
16.86208189043891	0.9980649906906098
16.884095052175773	0.9981723238002402
16.90610821391264	0.9982799964912575
16.928121375649503	0.9983879560507757
16.95013453738637	0.9984961498705233
16.972147699123237	0.9986045254703717
16.994160860860102	0.9987130305217536
17.016174022596967	0.9988216128709598
17.038187184333832	0.998930220562308
17.060200346070697	0.9990388018611693
17.082213507807563	0.9991473052768465
17.104226669544428	0.9992556795852875
17.126239831281293	0.9993638738516305
17.148252993018158	0.9994718374525676
17.170266154755023	0.999579520098515
17.19227931649189	0.9996868718555822
17.214292478228757	0.99979384316733
17.23630563996562	0.9999003848763048
17.258318801702487	1.0000064482453415
17.28033196343935	1.000111984978625
17.302345125176217	1.000216947242497
17.324358286913082	1.0003212876860044
17.346371448649947	1.0004249594611725
17.368384610386812	1.0005279162429983
17.390397772123677	1.0006301122491537
17.412410933860542	1.000731502259386
17.43442409559741	1.000832041634609
17.456437257334276	1.000931686335677
17.47845041907114	1.0010303929418272
17.500463580808006	1.001128118668787
17.52247674254487	1.0012248213865342
17.544489904281736	1.0013204596367034
17.5665030660186	1.0014149926496263
17.588516227755466	1.0015083803610039
17.61052938949233	1.0016005834281958
17.632542551229196	1.0016915632461227
17.654555712966065	1.0017812819627732
17.67656887470293	1.0018697024943064
17.698582036439795	1.0019567885397445
17.72059519817666	1.0020425045952468
17.742608359913525	1.002126815967959
17.76462152165039	1.0022096887894298
17.786634683387256	1.002291090028591
17.80864784512412	1.0023709875042912
17.830661006860986	1.0024493498973792
17.85267416859785	1.002526146762332
17.87468733033472	1.0026013485384204
17.896700492071584	1.0026749265604058
17.91871365380845	1.0027468530687675
17.940726815545315	1.0028171012194518
17.96273997728218	1.0028856450931376
17.984753139019045	1.0029524597040216
18.00676630075591	1.0030175210081083
18.028779462492775	1.0030808059110115
18.05079262422964	1.003142292275257
18.072805785966505	1.0032019589270875
18.09481894770337	1.0032597856627645
18.11683210944024	1.0033157532543662
18.138845271177104	1.0033698434550806
18.16085843291397	1.003422039003988
18.182871594650834	1.0034723236303362
18.2048847563877	1.0035206820573033
18.226897918124564	1.0035671000052504
18.24891107986143	1.0036115641944623
18.270924241598294	1.003654062347375
18.29293740333516	1.003694583190293
18.314950565072024	1.0037331164545933
18.336963726808893	1.0037696528774196
18.358976888545758	1.0038041842018683
18.380990050282623	1.0038367031766637
18.403003212019488	1.0038672035553287
18.425016373756353	1.0038956800948502
18.44702953549322	1.0039221285538447
18.469042697230083	1.0039465456902203
18.49105585896695	1.0039689292583474
18.513069020703814	1.0039892780057322
18.53508218244068	1.004007591669204
18.557095344177547	1.0040238709706146
18.579108505914412	1.004038117612058
18.601121667651277	1.0040503342706126
18.623134829388142	1.00406052459261
18.645147991125008	1.0040686931874396
18.667161152861873	1.0040748456208892
18.689174314598738	1.0040789884080301
18.711187476335603	1.0040811290056517
18.733200638072468	1.0040812758042525
18.755213799809333	1.0040794381195932
18.777226961546198	1.0040756261838168
18.799240123283067	1.004069851136148
18.82125328501993	1.0040621250131718
18.843266446756797	1.004052460738704
18.865279608493662	1.0040408721132594
18.887292770230527	1.0040273738031242
18.909305931967392	1.0040119813290431
18.931319093704257	1.0039947110545278
18.953332255441122	1.0039755801737933
18.975345417177987	1.0039546066993366
18.997358578914852	1.0039318094491583
19.01937174065172	1.0039072080336433
19.041384902388586	1.0038808228421048
19.06339806412545	1.0038526750290044
19.085411225862316	1.0038227864998532
19.10742438759918	1.0037911798968089
19.129437549336046	1.0037578785839734
19.15145071107291	1.003722906632404
19.173463872809776	1.0036862888048472
19.19547703454664	1.0036480505402028
19.217490196283507	1.0036082179377332
19.23950335802037	1.0035668177410224
19.26151651975724	1.003523877321699
19.283529681494105	1.003479424662932
19.30554284323097	1.0034334883427085
19.327556004967835	1.0033860975169075
19.3495691667047	1.0033372819021744
19.371582328441566	1.0032870717586126
19.39359549017843	1.0032354978722982
19.415608651915296	1.0031825915376311
19.43762181365216	1.0031283845395322
19.459634975389026	1.0030729091354949
19.481648137125894	1.003016198037506
19.50366129886276	1.0029582843938436
19.525674460599625	1.0028992017707603
19.54768762233649	1.0028389841340677
19.569700784073355	1.0027776658306287
19.59171394581022	1.002715281569768
19.613727107547085	1.002651866404612
19.63574026928395	1.0025874557133703
19.657753431020815	1.0025220851805636
19.67976659275768	1.0024557907782152
19.70177975449455	1.0023886087470095
19.723792916231414	1.0023205755774323
19.74580607796828	1.0022517279908998
19.767819239705144	1.0021821029208882
19.78983240144201	1.0021117374940713
19.811845563178874	1.0020406690114787
19.83385872491574	1.0019689349296812
19.855871886652604	1.001896572842013
19.87788504838947	1.001823620459844
19.899898210126334	1.001750115593905
19.9219113718632	1.001676096135678
19.943924533600068	1.0016016000388646
19.965937695336933	1.001526665300931
19.9879508570738	1.001451329944749
20.009964018810663	1.0013756320003349
20.03197718054753	1.001299609486695
20.053990342284393	1.001223300393791
20.07600350402126	1.001146742664624
20.098016665758124	1.001069974177457
20.12002982749499	1.0009930327281704
20.142042989231854	1.000915956012771
20.164056150968722	1.0008387816100492
20.186069312705587	1.0007615469644031
20.208082474442453	1.0006842893688288
20.230095636179318	1.0006070459480867
20.252108797916183	1.00052985364205
20.274121959653048	1.0004527491892419
20.296135121389913	1.000375769110569
20.318148283126778	1.0002989496932553
20.340161444863643	1.0002223269749821
20.362174606600508	1.0001459367282446
20.384187768337377	1.0000698144449236
20.40620093007424	0.9999939953210847
20.428214091811107	0.9999185142420045
20.450227253547972	0.9998434057674344
20.472240415284837	0.9997687041171013
20.494253577021702	0.9996944431564557
20.516266738758567	0.999620656382667
20.538279900495432	0.9995473769108736
20.560293062232297	0.9994746374606909
20.582306223969162	0.999402470342981
20.604319385706027	0.9993309074468898
20.626332547442896	0.999259980227152
20.64834570917976	0.9991897196916709
20.670358870916626	0.9991201563893767
20.69237203265349	0.9990513203983609
20.714385194390356	0.998983241314299
20.73639835612722	0.9989159482391565
20.758411517864086	0.9988494697701853
20.78042467960095	0.9987838339892119
20.802437841337817	0.9987190684522205
20.82445100307468	0.9986552001792313
20.84646416481155	0.9985922556444806
20.868477326548415	0.9985302607668997
20.89049048828528	0.9984692409008973
20.912503650022146	0.9984092208274474
20.93451681175901	0.998350224745484
20.956529973495876	0.9982922762636015
20.97854313523274	0.9982353983920674
21.000556296969606	0.9981796135351431
21.02256945870647	0.9981249434837167
21.044582620443336	0.9980714094082509
21.066595782180205	0.9980190318520398
21.08860894391707	0.997967830724784
21.110622105653935	0.9979178252964774
21.1326352673908	0.9978690341916107
21.154648429127665	0.9978214753836895
21.17666159086453	0.9977751661900685
21.198674752601395	0.9977301232671009
21.22068791433826	0.997686362605604
21.242701076075125	0.9976438995266399
21.26471423781199	0.9976027486776119
21.286727399548855	0.9975629240286742
21.308740561285724	0.9975244388694592
21.33075372302259	0.9974873058061156
21.352766884759454	0.9974515367586609
21.37478004649632	0.9974171429586466
21.396793208233184	0.9973841349471345
21.41880636997005	0.9973525225729832
21.440819531706914	0.9973223149914446
21.46283269344378	0.9972935206630693
21.484845855180644	0.9972661473529165
21.50685901691751	0.9972402021300729
21.528872178654378	0.9972156913674739
21.550885340391243	0.9971926207420269
21.57289850212811	0.9971709952350369
21.594911663864973	0.9971508191329321
21.61692482560184	0.9971320960282846
21.638937987338704	0.9971148288211286
21.66095114907557	0.9970990197205722
21.682964310812434	0.9970846702467008
21.7049774725493	0.9970717812327682
21.726990634286164	0.9970603528276787
21.749003796023032	0.9970503844987504
21.771016957759898	0.9970418750347644
21.793030119496763	0.9970348225492915
21.815043281233628	0.9970292244842989
21.837056442970493	0.99702507761403
21.859069604707358	0.9970223780491602
21.881082766444223	0.9970211212412168
21.903095928181088	0.997021301987272
21.925109089917953	0.997022914434896
21.947122251654818	0.997025952087372
21.969135413391683	0.997030407809171
21.991148575128552	0.9970362738316797
