0.0	0.057629879909944046
0.022013161736865416	0.05763195377007754
0.04402632347373083	0.057638289220977454
0.06603948521059624	0.057648798667953874
0.08805264694746166	0.057663522031682096
0.11006580868432708	0.05768245484425047
0.1320789704211925	0.05770560554634022
0.15409213215805792	0.057732979413965255
0.17610529389492333	0.057764583499275976
0.19811845563178873	0.05780042585284593
0.22013161736865416	0.05784051565703828
0.24214477910551957	0.057884863185937094
0.264157940842385	0.057933479805236304
0.2861711025792504	0.057986377993612906
0.30818426431611584	0.05804357133444726
0.33019742605298125	0.05810507453135902
0.35221058778984665	0.058170903414875255
0.37422374952671206	0.058241074946629376
0.39623691126357746	0.05831560723019736
0.4182500730004429	0.0583945195198373
0.44026323473730833	0.05847783222918172
0.46227639647417373	0.05856556694237499
0.48428955821103914	0.05865774642405675
0.5063027199479045	0.05875439463113585
0.52831588168477	0.058855536724627476
0.5503290434216354	0.0589611990821589
0.5723422051585008	0.05907140931130058
0.5943553668953663	0.05918619626338642
0.6163685286322317	0.05930559004809868
0.6383816903690971	0.0594296220485613
0.6603948521059625	0.05955832493736874
0.6824080138428279	0.059691732693013644
0.7044211755796933	0.059829880617262375
0.7264343373165587	0.05997280535314789
0.7484474990534241	0.06012054490367104
0.7704606607902895	0.06027313865133397
0.7924738225271549	0.060430627378373555
0.8144869842640203	0.06059305328781258
0.8365001460008858	0.06076046002530778
0.8585133077377513	0.06093289270179414
0.8805264694746167	0.06111039791700329
0.9025396312114821	0.06129302378380273
0.9245527929483475	0.06148081995343718
0.9465659546852129	0.06167383764165302
0.9685791164220783	0.06187212965574497
0.9905922781589437	0.06207575042255353
1.012605439895809	0.06228475601741388
1.0346186016326746	0.062499204194106116
1.05663176336954	0.06271915441581648
1.0786449251064054	0.06294466788713568
1.1006580868432707	0.06317580758713806
1.1226712485801362	0.06341263830354378
1.1446844103170015	0.06365522666801884
1.166697572053867	0.06390364119262336
1.1887107337907326	0.06415795230745819
1.2107238955275978	0.06441823239952313
1.2327370572644634	0.06468455585283706
1.2547502190013287	0.06495699908984673
1.2767633807381942	0.0652356406141624
1.2987765424750595	0.06552056105465982
1.320789704211925	0.06581184321098447
1.3428028659487903	0.06610957210050478
1.3648160276856558	0.06641383500674691
1.386829189422521	0.06672472152936697
1.4088423511593866	0.06704232363569401
1.4308555128962521	0.06736673571390037
1.4528686746331174	0.06769805462784176
1.474881836369983	0.06803637977361991
1.4968949981068482	0.0683818131379219
1.5189081598437137	0.06873445935818503
1.540921321580579	0.06909442578465083
1.5629344833174446	0.06946182254435818
1.5849476450543099	0.06983676260714386
1.6069608067911754	0.07021936185370596
1.6289739685280407	0.0706097391458005
1.6509871302649062	0.07100801639863492
1.6730002920017717	0.07141431865552934
1.695013453738637	0.07182877416491752
1.7170266154755025	0.07225151445976284
1.7390397772123678	0.07268267443946545
1.7610529389492333	0.07312239245434242
1.7830661006860986	0.07357081039276324
1.8050792624229641	0.07402807377102683
1.8270924241598294	0.07449433182607032
1.849105585896695	0.07496973761110201
1.8711187476335602	0.07545444809425406
1.8931319093704257	0.07594862426035573
1.9151450711072913	0.0764524312159297
1.9371582328441566	0.07696603829751845
1.959171394581022	0.07748961918345311
1.9811845563178874	0.07802335200917868
2.0031977180547527	0.07856741948625531
2.025210879791618	0.07912200902516044
2.0472240415284837	0.079687312862019
2.069237203265349	0.08026352818939651
2.0912503650022143	0.08085085729129131
2.11326352673908	0.08144950768247092
2.1352766884759453	0.08205969225230066
2.157289850212811	0.08268162941321841
2.1793030119496763	0.08331554325401569
2.2013161736865414	0.08396166369809104
2.223329335423407	0.0846202266668479
2.2453424971602725	0.08529147424841456
2.267355658897138	0.08597565487187325
2.289368820634003	0.08667302348718794
2.3113819823708686	0.0873838417510328
2.333395144107734	0.08810837821872529
2.3554083058445996	0.08884690854248106
2.377421467581465	0.08959971567621074
2.39943462931833	0.09036709008709098
2.4214477910551957	0.0911493299741489
2.443460952792061	0.09194674149410717
2.4654741145289267	0.09275963899474875
2.487487276265792	0.09358834525606884
2.5095004380026573	0.09443319173948907
2.531513599739523	0.09529451884542416
2.5535267614763884	0.09617267617949829
2.5755399232132534	0.09706802282772
2.597553084950119	0.09798092764093781
2.6195662466869845	0.09891176952890911
2.64157940842385	0.09986093776432672
2.6635925701607155	0.1008288322971631
2.6856057318975806	0.10181586407970053
2.707618893634446	0.10282245540263626
2.7296320553713116	0.10384904024265801
2.751645217108177	0.10489606462190541
2.773658378845042	0.10596398697974671
2.7956715405819077	0.10705327855731432
2.817684702318773	0.10816442379526002
2.8396978640556387	0.10929792074520824
2.8617110257925042	0.11045428149540017
2.8837241875293693	0.11163403261104274
2.905737349266235	0.1128377155898919
2.9277505110031004	0.11406588733361928
2.949763672739966	0.11531912063553183
2.971776834476831	0.11659800468523192
2.9937899962136965	0.11790314559082678
3.015803157950562	0.11923516691931785
3.0378163196874275	0.12059471025581932
3.059829481424293	0.12198243578228142
3.081842643161158	0.12339902287641154
3.1038558048980236	0.12484517073151274
3.125868966634889	0.1263215989979813
3.1478821283717546	0.12782904844722792
3.1698952901086197	0.129368281658813
3.191908451845485	0.13094008373160881
3.2139216135823507	0.1325452630198279
3.2359347753192163	0.1341846518947808
3.2579479370560813	0.13585910753325112
3.279961098792947	0.13756951273340268
3.3019742605298124	0.1393167767591554
3.323987422266678	0.1411018362139949
3.3460005840035434	0.14292565594520332
3.3680137457404085	0.14478922997952268
3.390026907477274	0.14669358249128772
3.4120400692141395	0.14863976880408541
3.434053230951005	0.15062887642702347
3.45606639268787	0.15266202612670543
3.4780795544247356	0.15474037303603727
3.500092716161601	0.15686510780099766
3.5221058778984666	0.15903745776652972
3.544119039635332	0.16125868820271713
3.566132201372197	0.1635301035724221
3.5881453631090627	0.16585304884156696
3.6101585248459283	0.16822891083324615
3.6321716865827938	0.17065911962685273
3.654184848319659	0.1731451500033982
3.6761980100565244	0.17568852293819132
3.69821117179339	0.17829080714202436
3.7202243335302554	0.18095362065198997
3.7422374952671205	0.1836786324730168
3.764250657003986	0.18646756427117045
3.7862638187408515	0.1893221921197117
3.808276980477717	0.19224434829884146
3.8302901422145825	0.19523592314998112
3.8523033039514476	0.198298866985347
3.874316465688313	0.20143519205346963
3.8963296274251786	0.20464697456117717
3.918342789162044	0.20793635675242486
3.940355950898909	0.21130554904417453
3.9623691126357747	0.21475683221933983
3.9843822743726403	0.21829255967659195
4.006395436109505	0.2219151597365666
4.028408597846371	0.22562713800373296
4.050421759583236	0.22943107978285673
4.072434921320102	0.2333296525486375
4.094448083056967	0.23732560846667847
4.1164612447938325	0.24142178696350627
4.138474406530698	0.2456211173428307
4.1604875682675635	0.24992662144467298
4.182500730004429	0.2543414163433518
4.2045138917412945	0.2588687170796
4.22652705347816	0.2635118394213033
4.248540215215026	0.2682742026464727
4.270553376951891	0.273159332341091
4.292566538688756	0.2781708632034033
4.314579700425622	0.2833125418450267
4.336592862162487	0.28858822957795477
4.358606023899353	0.2940019051750835
4.380619185636218	0.29955766759028885
4.402632347373083	0.30525973862235956
4.424645509109949	0.3111124655051494
4.446658670846814	0.3171203234042296
4.46867183258368	0.32328791779801114
4.490684994320545	0.3296199867187991
4.51269815605741	0.33612140282649616
4.534711317794276	0.3427971752846769
4.556724479531141	0.3496524514055081
4.578737641268006	0.35669251802645435
4.600750803004872	0.3639228025778684
4.622763964741737	0.37134887379642134
4.644777126478603	0.3789764420348539
4.666790288215468	0.3868113591136804
4.688803449952333	0.3948596176552929
4.710816611689199	0.40312734983533466
4.732829773426064	0.41162082548023543
4.75484293516293	0.4203464494334467
4.776856096899795	0.4293107581061132
4.79886925863666	0.4385204151207719
4.820882420373526	0.44798220594904486
4.842895582110391	0.45770303143633256
4.8649087438472565	0.46768990009817896
4.886921905584122	0.4779499190642557
4.9089350673209875	0.48849028353695567
4.9309482290578535	0.49931826462233886
4.9529613907947185	0.5104411953817708
4.974974552531584	0.5218664549431398
4.99698771426845	0.5336014505010603
5.019000876005315	0.5456535970262506
5.041014037742181	0.5580302944953507
5.063027199479046	0.5707389024440651
5.085040361215911	0.5837867116389889
5.107053522952777	0.59718091265694
5.129066684689642	0.6109285611555598
5.151079846426507	0.6250365396155753
5.173093008163373	0.6395115153340368
5.195106169900238	0.6543598944493493
5.217119331637104	0.6695877717837467
5.239132493373969	0.6852008762974031
5.261145655110834	0.7012045119615467
5.2831588168477	0.717603493876189
5.305171978584565	0.7344020794824203
5.327185140321431	0.7516038947503669
5.349198302058296	0.7692118552626785
5.371211463795161	0.7872280821608785
5.393224625532027	0.8056538129787394
5.415237787268892	0.8244893074541401
5.437250949005758	0.8437337484893037
5.459264110742623	0.8633851385196808
5.481277272479488	0.8834401916547379
5.503290434216354	0.9038942220697864
5.525303595953219	0.9247410292571284
5.547316757690084	0.9459727808868865
5.56932991942695	0.9675798941824821
5.591343081163815	0.9895509168818791
5.613356242900681	1.0118724090317075
5.635369404637546	1.0345288270451922
5.6573825663744115	1.0575024116434049
5.6793957281112775	1.0807730814890586
5.7014088898481425	1.1043183345083363
5.7234220515850085	1.1281131590736304
5.745435213321874	1.1521299573822652
5.767448375058739	1.1763384835061992
5.789461536795605	1.2007057986972778
5.81147469853247	1.225196246603759
5.833487860269335	1.2497714510771305
5.855501022006201	1.2743903392151874
5.877514183743066	1.299009192189004
5.899527345479932	1.3235817262297649
5.921540507216797	1.3480592058994891
5.943553668953662	1.3723905914324148
5.965566830690528	1.3965227215079226
5.987579992427393	1.420400532301492
6.009593154164259	1.4439673130600486
6.031606315901124	1.467164997769129
6.053619477637989	1.4899344917324338
6.075632639374855	1.5122160310843724
6.09764580111172	1.5339495724223564
6.119658962848586	1.5550752089010569
6.141672124585451	1.5755336083009563
6.163685286322316	1.5952664677983983
6.185698448059182	1.6142169794519814
6.207711609796047	1.6323302998127531
6.229724771532912	1.6495540165898777
6.251737933269778	1.6658386049862732
6.273751095006643	1.6811378661810115
6.295764256743509	1.6954093404919601
6.317777418480374	1.7086146880122566
6.339790580217239	1.7207200299776104
6.361803741954105	1.7316962447804665
6.38381690369097	1.7415192133854331
6.405830065427836	1.7501700098938235
6.4278432271647015	1.7576350341230573
6.4498563889015665	1.763906084272279
6.4718695506384325	1.7689803689988859
6.493882712375298	1.7728604594897859
6.515895874112163	1.7755541833343373
6.537909035849029	1.7770744631538231
6.559922197585894	1.7774391039794948
6.58193535932276	1.7766705342680378
6.603948521059625	1.7747955061772451
6.62596168279649	1.7718447612794255
6.647974844533356	1.7678526682594964
6.669988006270221	1.7628568393273338
6.692001168007087	1.7568977320780594
6.714014329743952	1.75001824337221
6.736027491480817	1.7422633014985662
6.758040653217683	1.7336794624478782
6.780053814954548	1.724314515590329
6.802066976691413	1.7142171034384748
6.824080138428279	1.7034363595164712
6.846093300165144	1.6920215676694614
6.86810646190201	1.6800218454563967
6.890119623638875	1.6674858535948855
6.91213278537574	1.6544615327843444
6.934145947112606	1.6409958686369348
6.956159108849471	1.627134684904558
6.978172270586337	1.6129224647109544
7.000185432323202	1.5984021990849724
7.022198594060067	1.5836152617450168
7.044211755796933	1.5686013088049222
7.066224917533798	1.553398201854953
7.088238079270664	1.538041952714168
7.110251241007529	1.522566688046875
7.132264402744394	1.5070046319800505
7.15427756448126	1.491386104844892
7.1762907262181255	1.4757395361870287
7.1983038879549905	1.4600914902408084
7.2203170496918565	1.4444667021373212
7.242330211428722	1.4288881232081967
7.2643433731655875	1.4133769738526696
7.286356534902453	1.3979528025497756
7.308369696639318	1.3826335497169464
7.330382858376184	1.3674356152375446
7.352396020113049	1.3523739286004768
7.374409181849915	1.3374620207125554
7.39642234358678	1.3227120965574841
7.418435505323645	1.3081351079824828
7.440448667060511	1.2937408259941656
7.462461828797376	1.2795379120385064
7.484474990534241	1.2655339878253187
7.506488152271107	1.2517357033356376
7.528501314007972	1.238148802720586
7.550514475744838	1.2247781878631288
7.572527637481703	1.2116279794298568
7.594540799218568	1.198701575288815
7.616553960955434	1.186001706212101
7.638567122692299	1.1735304888187386
7.660580284429165	1.1612894757448209
7.68259344616603	1.14927970305453
7.704606607902895	1.137501734927843
7.726619769639761	1.12595570567908
7.748632931376626	1.1146413591752176
7.770646093113492	1.1035580857346519
7.792659254850357	1.0927049565961433
7.814672416587222	1.082080756054357
7.836685578324088	1.071684011363098
7.858698740060953	1.0615130205102898
7.880711901797818	1.0515658779702133
7.902725063534684	1.0418404985387797
7.9247382252715495	1.0323346393568147
7.946751387008415	1.0230459202247137
7.9687645487452805	1.0139718423095345
7.990777710482146	1.0051098053427194
8.01279087221901	0.9964571234034135
8.034804033955878	0.9880110393787327
8.056817195692743	0.9797687381885759
8.078830357429608	0.971727358858579
8.100843519166473	0.9638840055208383
8.122856680903338	0.9562357574179179
8.144869842640205	0.9487796779816503
8.16688300437707	0.9415128230542347
8.188896166113935	0.9344322483152101
8.2109093278508	0.9275350159741124
8.232922489587665	0.920818200784895
8.254935651324532	0.9142788954346688
8.276948813061397	0.9079142153559067
8.298961974798262	0.9017213030079821
8.320975136535127	0.8956973316708449
8.342988298271992	0.8898395087906597
8.365001460008857	0.8841450789144574
8.387014621745724	0.8786113262482116
8.409027783482589	0.8732355768702774
8.431040945219454	0.8680152006297569
8.45305410695632	0.8629476127572169
8.475067268693184	0.8580302752130745
8.497080430430051	0.8532606977970534
8.519093592166916	0.8486364390403383
8.541106753903781	0.8441551069003304
8.563119915640646	0.8398143592763725
8.585133077377511	0.8356119043633382
8.607146239114378	0.8315455008586193
8.629159400851243	0.8276129580367839
8.651172562588108	0.8238121357050135
8.673185724324973	0.8201409440513238
8.695198886061839	0.8165973433965777
8.717212047798705	0.8131793438603608
8.73922520953557	0.8098850049499168
8.761238371272436	0.8067124350805545
8.7832515330093	0.8036597910351856
8.805264694746166	0.8007252773699711
8.827277856483033	0.7979071457724348
8.849291018219898	0.7952036943777927
8.871304179956763	0.7926132670487426
8.893317341693628	0.790134252623444
8.915330503430493	0.7877650841359508
8.93734366516736	0.7855042380129715
8.959356826904225	0.7833502332504152
8.98136998864109	0.7813016305728305
9.003383150377955	0.7793570315785366
9.02539631211482	0.7775150778729133
9.047409473851685	0.7757744501920687
9.069422635588552	0.7741338675188265
9.091435797325417	0.7725920861927605
9.113448959062282	0.7711478990157689
9.135462120799147	0.7698001343545043
9.157475282536012	0.7685476552407876
9.179488444272879	0.7673893584709525
9.201501606009744	0.7663241737049533
9.22351476774661	0.7653510625658867
9.245527929483474	0.7644690177404858
9.26754109122034	0.7636770620810115
9.289554252957206	0.7629742477088637
9.311567414694071	0.7623596551201419
9.333580576430936	0.7618323922932918
9.355593738167801	0.7613915937989001
9.377606899904666	0.7610364199116211
9.399620061641533	0.760766055724161
9.421633223378398	0.7605797102631726
9.443646385115263	0.7604766156068775
9.465659546852129	0.760456026004169
9.487672708588994	0.7605172169949113
9.50968587032586	0.7606594845311149
9.531699032062726	0.7608821440986331
9.55371219379959	0.7611845298389807
9.575725355536456	0.7615659936708811
9.59773851727332	0.7620259044110834
9.619751679010186	0.7625636468940163
9.641764840747053	0.7631786210897901
9.663778002483918	0.7638702412200753
9.685791164220783	0.7646379348713597
9.707804325957648	0.7654811421050857
9.729817487694513	0.7663993145641708
9.75183064943138	0.7673919145753958
9.773843811168245	0.7684584142471734
9.79585697290511	0.769598294562191
9.817870134641975	0.7708110444644444
9.83988329637884	0.7720961599401811
9.861896458115707	0.7734531430922917
9.883909619852572	0.774881501207695
9.905922781589437	0.7763807458172928
9.927935943326302	0.7779503917480779
9.949949105063167	0.779589956167021
9.971962266800034	0.7812989576163718
9.9939754285369	0.7830769150400513
10.015988590273764	0.7849233468008442
10.03800175201063	0.7868377696881367
10.060014913747494	0.7888196979159808
10.082028075484361	0.7908686421113217
10.104041237221226	0.7929841082922549
10.126054398958091	0.7951655968362497
10.148067560694956	0.7974126014383147
10.170080722431821	0.7997246080591466
10.192093884168688	0.8021010938633636
10.214107045905553	0.8045415261479937
10.236120207642418	0.8070453612614552
10.258133369379284	0.8096120435133403
10.280146531116149	0.8122410040753936
10.302159692853014	0.8149316598741616
10.32417285458988	0.817683412475871
10.346186016326746	0.8204956469641868
10.36819917806361	0.8233677308116024
10.390212339800476	0.8262990127453063
10.41222550153734	0.8292888216084737
10.434238663274208	0.8323364652180516
10.456251825011073	0.8354412292202043
10.478264986747938	0.8386023759447102
10.500278148484803	0.8418191432597214
10.522291310221668	0.8450907434284232
10.544304471958535	0.8484163619692506
10.5663176336954	0.8517951565214656
10.588330795432265	0.8552262557180195
10.61034395716913	0.8587087580677629
10.632357118905995	0.8622417308492227
10.654370280642862	0.8658242090182827
10.676383442379727	0.8694551941322611
10.698396604116592	0.8731336532930327
10.720409765853457	0.8768585181119584
10.742422927590322	0.8806286836995606
10.764436089327189	0.8844430076830115
10.786449251064054	0.888300309254639
10.80846241280092	0.892199368254808
10.830475574537784	0.8961389242926621
10.85248873627465	0.9001176759083389
10.874501898011516	0.904134279780416
10.896515059748381	0.9081873499824421
10.918528221485246	0.9122754572925401
10.940541383222111	0.9163971285601679
10.962554544958977	0.9205508461342073
10.984567706695842	0.9247350473566542
11.006580868432708	0.9289481241262404
11.028594030169574	0.9331884225363801
11.050607191906439	0.937454242591879
11.072620353643304	0.9417438380088704
11.094633515380169	0.9460554161024487
11.116646677117036	0.9503871377664616
11.1386598388539	0.9547371175499004
11.160673000590766	0.9591034238342612
11.18268616232763	0.9634840791161835
11.204699324064496	0.9678770603995761
11.226712485801363	0.9722802997012987
11.248725647538228	0.9766916846743411
11.270738809275093	0.9811090593522335
11.292751971011958	0.9855302250182321
11.314765132748823	0.9899529412025805
11.33677829448569	0.9943749268108741
11.358791456222555	0.998793861386257
11.38080461795942	1.0032073865078606
11.402817779696285	1.0076131073275092
11.42483094143315	1.0120085942463524
11.446844103170017	1.016391384732634
11.468857264906882	1.02075898528137
11.490870426643747	1.0251088735162297
11.512883588380612	1.0294385004333753
11.534896750117477	1.0337452927865107
11.556909911854344	1.038026655611808
11.57892307359121	1.0422799748907914
11.600936235328074	1.046502620348666
11.62294939706494	1.0506919483849362
11.644962558801804	1.0548453051325324
11.66697572053867	1.0589600296409956
11.688988882275536	1.0630334571786306
11.711002044012401	1.0670629226478388
11.733015205749266	1.0710457641072175
11.755028367486132	1.0749793263932914
11.777041529222997	1.0788609648341474
11.799054690959863	1.0826880490465491
11.821067852696729	1.0864579668074987
11.843081014433594	1.090168127990618
11.865094176170459	1.09381596855712
11.887107337907324	1.0973989545906073
11.90912049964419	1.1009145863644134
11.931133661381056	1.1043604024297495
11.95314682311792	1.107733983712466
11.975159984854786	1.1110329576058946
11.997173146591651	1.1142550020468935
12.019186308328518	1.117397849561962
12.041199470065383	1.1204592912701137
12.063212631802248	1.1234371808290222
12.085225793539113	1.126329438310928
12.107238955275978	1.1291340539947787
12.129252117012845	1.1318490920611617
12.15126527874971	1.134472694176731
12.173278440486575	1.1370030829550761
12.19529160222344	1.1394385652812555
12.217304763960305	1.1417775354876227
12.239317925697172	1.1440184783689953
12.261331087434037	1.146159972025762
12.283344249170902	1.1482006905240945
12.305357410907767	1.1501394063631043
12.327370572644632	1.151974992739481
12.349383734381497	1.1537064256009641
12.371396896118364	1.1553327854807882
12.39341005785523	1.1568532591061562
12.415423219592094	1.1582671407747056
12.43743638132896	1.1595738334938996
12.459449543065825	1.1607728498792547
12.481462704802691	1.1618638128083534
12.503475866539556	1.1628464558286071
12.525489028276422	1.1637206233177875
12.547502190013287	1.1644862703973875
12.569515351750152	1.1651434625999217
12.591528513487019	1.1656923752923014
12.613541675223884	1.1661332928584436
12.635554836960749	1.1664666076452512
12.657567998697614	1.166692818677077
12.679581160434479	1.1668125301446857
12.701594322171346	1.1668264496756326
12.72360748390821	1.1667353863937795
12.745620645645076	1.166540248776473
12.76763380738194	1.1662420423186146
12.789646969118806	1.165841867013516
12.811660130855673	1.165340914661028
12.833673292592538	1.1647404660139626
12.855686454329403	1.1640418877742764
12.877699616066268	1.1632466294508872
12.899712777803133	1.162356220091303
12.92172593954	1.1613722648994829
12.943739101276865	1.1602964417525472
12.96575226301373	1.1591304976290233
12.987765424750595	1.15787624496139
13.00977858648746	1.1565355579256162
13.031791748224325	1.1551103686803161
13.053804909961192	1.1536026635679828
13.075818071698057	1.1520144792905354
13.097831233434922	1.1503478990711615
13.119844395171787	1.1486050488140964
13.141857556908652	1.1467880932736398
13.16387071864552	1.144899232243251
13.185883880382384	1.1429406967751756
13.20789704211925	1.1409147454405206
13.229910203856114	1.1388236606391993
13.25192336559298	1.1366697449686411
13.273936527329846	1.1344553176595742
13.295949689066711	1.1321827110866414
13.317962850803577	1.1298542673609901
13.339976012540442	1.127472335011413
13.361989174277307	1.1250392657599873
13.384002336014174	1.1225574113975803
13.406015497751039	1.1200291207639768
13.428028659487904	1.1174567368368
13.450041821224769	1.1148425939328197
13.472054982961634	1.1121890150246616
13.4940681446985	1.1094983091753907
13.516081306435366	1.1067727690928963
13.53809446817223	1.1040146688054904
13.560107629909096	1.1012262614596482
13.582120791645961	1.0984097772403207
13.604133953382826	1.0955674214138327
13.626147115119693	1.0927013724929284
13.648160276856558	1.089813780523144
13.670173438593423	1.0869067654893103
13.692186600330288	1.0839824158406457
13.714199762067153	1.0810427871325736
13.73621292380402	1.0780899007831222
13.758226085540885	1.075125742941484
13.78023924727775	1.0721522634660774
13.802252409014615	1.069171375009254
13.82426557075148	1.066184952205577
13.846278732488347	1.06319483096047
13.868291894225212	1.060202807835858
13.890305055962077	1.0572106395293315
13.912318217698942	1.0542200424432524
13.934331379435807	1.0512326923401563
13.956344541172674	1.0482502240807325
13.97835770290954	1.045274231440644
14.000370864646404	1.0423062670024112
14.02238402638327	1.0393478421185884
14.044397188120135	1.0364004269424678
14.066410349857001	1.033465450522567
14.088423511593867	1.0305443009571933
14.110436673330732	1.027638325605426
14.132449835067597	1.0247488313509119
14.154462996804462	1.0218770849149377
14.176476158541329	1.0190243132153187
14.198489320278194	1.0161917037677228
14.220502482015059	1.0133804051261357
14.242515643751924	1.0105915273592767
14.264528805488789	1.0078261425598551
14.286541967225654	1.0050852853836816
14.30855512896252	1.0023699536157311
14.330568290699386	0.9996811087603854
14.352581452436251	0.9970196766531677
14.374594614173116	0.9943865480914157
14.396607775909981	0.9917825794814342
14.418620937646848	0.9892085934997881
14.440634099383713	0.9866653797665023
14.462647261120578	0.9841536955280493
14.484660422857443	0.9816742663481116
14.506673584594308	0.9792277868042122
14.528686746331175	0.9768149211884155
14.55069990806804	0.9744363042104004
14.572713069804905	0.9720925417013079
14.59472623154177	0.9697842113168704
14.616739393278635	0.9675118632384127
14.638752555015502	0.965276020870424
14.660765716752367	0.9630771815334742
14.682778878489232	0.960915817151342
14.704792040226097	0.9587923749313089
14.726805201962962	0.956707278036645
14.74881836369983	0.954660926250395
14.770831525436694	0.952653696629647
14.79284468717356	0.9506859441495338
14.814857848910425	0.9487580023362844
14.83687101064729	0.9468701838887151
14.858884172384156	0.945022781287596
14.880897334121022	0.9432160673923984
14.902910495857887	0.9414502960249825
14.924923657594752	0.9397257025398309
14.946936819331617	0.9380425043804855
14.968949981068482	0.9364009016218946
14.990963142805349	0.9348010774984172
15.012976304542214	0.9332431989172686
15.034989466279079	0.9317274169572439
15.057002628015944	0.9302538673525714
15.079015789752809	0.9288226709618005
15.101028951489676	0.9274339342216487
15.123042113226541	0.926087749585766
15.145055274963406	0.9247841959483997
15.167068436700271	0.9235233390529708
15.189081598437136	0.9223052318855953
15.211094760174003	0.921129915053604
15.233107921910868	0.9199974171491351
15.255121083647733	0.9189077550978937
15.277134245384598	0.91786093449319
15.299147407121463	0.9168569499153775
15.32116056885833	0.915895785236835
15.343173730595195	0.9149774139126429
15.36518689233206	0.9141017992571195
15.387200054068925	0.9132688947063935
15.40921321580579	0.9124786440671981
15.431226377542657	0.9117309817520788
15.453239539279522	0.911025833001221
15.475252701016387	0.9103631140911062
15.497265862753252	0.9097427325302115
15.519279024490118	0.9091645872419788
15.541292186226984	0.9086285687352774
15.56330534796385	0.9081345592625988
15.585318509700715	0.9076824329662159
15.60733167143758	0.9072720560125506
15.629344833174445	0.9069032867149989
15.65135799491131	0.9065759756454531
15.673371156648177	0.9062899657347874
15.695384318385042	0.9060450923625453
15.717397480121907	0.905841183436103
15.739410641858772	0.9056780594595576
15.761423803595637	0.9055555335926088
15.783436965332504	0.9054734116997006
15.805450127069369	0.9054314923896857
15.827463288806234	0.905429567046292
15.849476450543099	0.9054674198496551
15.871489612279964	0.9055448277891998
15.89350277401683	0.9056615606681455
15.915515935753696	0.9058173810999178
15.937529097490561	0.9060120444967493
15.959542259227426	0.9062452990507587
15.981555420964291	0.906516885707797
16.003568582701156	0.9068265381343531
16.02558174443802	0.9071739826778205
16.047594906174886	0.90755893832042
16.069608067911755	0.9079811166270865
16.09162122964862	0.9084402216876297
16.113634391385485	0.9089359500534797
16.13564755312235	0.9094679906693347
16.157660714859215	0.9100360248000358
16.17967387659608	0.9106397259529962
16.201687038332945	0.9112787597965137
16.22370020006981	0.9119527840743104
16.245713361806676	0.9126614485166393
16.26772652354354	0.9134043947483091
16.28973968528041	0.914181256193982
16.311752847017274	0.914991657981108
16.33376600875414	0.9158352168408623
16.355779170491004	0.9167115410074628
16.37779233222787	0.9176202301162447
16.399805493964735	0.9185608751008884
16.4218186557016	0.9195330580901859
16.443831817438465	0.9205363523047569
16.46584497917533	0.9215703219541187
16.487858140912195	0.9226345221345253
16.509871302649064	0.9237284987280037
16.53188446438593	0.9248517883030087
16.553897626122794	0.9260039180171472
16.57591078785966	0.9271844055223962
16.597923949596524	0.9283927588732828
16.61993711133339	0.9296284764384708
16.641950273070254	0.9308910468162223
16.66396343480712	0.9321799487541985
16.685976596543984	0.9334946510740789
16.70798975828085	0.93483461260147
16.730002920017714	0.9361992821015951
16.752016081754583	0.9375880982212496
16.774029243491448	0.9390004894375075
16.796042405228313	0.9404358740136877
16.818055566965178	0.9418936599630604
16.840068728702043	0.943373245020803
16.86208189043891	0.9448740166247023
16.884095052175773	0.9463953519051015
16.90610821391264	0.9479366176845899
16.928121375649503	0.949497170487937
16.95013453738637	0.9510763565627594
16.972147699123237	0.9526735119114151
16.994160860860102	0.9542879623346092
17.016174022596967	0.9559190234871926
17.038187184333832	0.9575660009466257
17.060200346070697	0.9592281902945644
17.082213507807563	0.9609048772120362
17.104226669544428	0.9625953375886354
17.126239831281293	0.9642988376461732
17.148252993018158	0.9660146340772009
17.170266154755023	0.9677419741988013
17.19227931649189	0.9694800961220318
17.214292478228757	0.9712282289373858
17.23630563996562	0.9729855929166144
17.258318801702487	0.9747513997312256
17.28033196343935	0.9765248526879643
17.302345125176217	0.9783051469815403
17.324358286913082	0.980091469964848
17.346371448649947	0.981883001436897
17.368384610386812	0.9836789139486352
17.390397772123677	0.9854783731268161
17.412410933860542	0.9872805380160292
17.43442409559741	0.9890845614389789
17.456437257334276	0.99088959037505
17.47845041907114	0.9926947663571739
17.500463580808006	0.9944992258869587
17.52247674254487	0.9963021008680025
17.544489904281736	0.9981025190572802
17.5665030660186	0.9998996045344346
17.588516227755466	1.0016924781887628
17.61052938949233	1.0034802582236464
17.632542551229196	1.0052620606781175
17.654555712966065	1.0070369999652162
17.67656887470293	1.0088041894267255
17.698582036439795	1.0105627419038514
17.72059519817666	1.012311770323333
17.742608359913525	1.0140503882984335
17.76462152165039	1.015777710744216
17.786634683387256	1.0174928545064494
17.80864784512412	1.019194939003434
17.830661006860986	1.0208830868800076
17.85267416859785	1.0225564246729177
17.87468733033472	1.0242140834867166
17.896700492071584	1.0258551996792757
17.91871365380845	1.027478915555985
17.940726815545315	1.0290843800716323
17.96273997728218	1.0306707495389467
17.984753139019045	1.0322371883427208
18.00676630075591	1.0337828696584053
18.028779462492775	1.0353069761740192
18.05079262422964	1.0368087008142006
18.072805785966505	1.0382872474651703
18.09481894770337	1.03974183169937
18.11683210944024	1.0411716814985006
18.138845271177104	1.0425760379736617
18.16085843291397	1.043954156081286
18.182871594650834	1.045305305333529
18.2048847563877	1.046628770501777
18.226897918124564	1.0479238523119168
18.24891107986143	1.049189868130014
18.270924241598294	1.0504261526370435
18.29293740333516	1.0516320584913113
18.314950565072024	1.0528069569772314
18.336963726808893	1.0539502386391144
18.358976888545758	1.0550613138986549
18.380990050282623	1.0561396136548151
18.403003212019488	1.057184589864837
18.425016373756353	1.0581957161051283
18.44702953549322	1.0591724881108229
18.469042697230083	1.0601144242928284
18.49105585896695	1.0610210662312374
18.513069020703814	1.0618919791440056
18.53508218244068	1.0627267523298625
18.557095344177547	1.063524999584465
18.579108505914412	1.0642863595888623
18.601121667651277	1.0650104962694038
18.623134829388142	1.0656970991282742
18.645147991125008	1.0663458835439164
18.667161152861873	1.0669565910406686
18.689174314598738	1.0675289895270008
18.711187476335603	1.0680628735018283
18.733200638072468	1.0685580642284374
18.755213799809333	1.0690144098756427
18.777226961546198	1.0694317856258726
18.799240123283067	1.0698100937499542
18.82125328501993	1.0701492636484533
18.843266446756797	1.0704492518595008
18.865279608493662	1.0707100420331173
18.887292770230527	1.0709316448721309
18.909305931967392	1.071114098039857
18.931319093704257	1.0712574660347889
18.953332255441122	1.0713618400326304
18.975345417177987	1.071427337696069
18.997358578914852	1.071454102952768
19.01937174065172	1.0714423057421287
19.041384902388586	1.0713921417314398
19.06339806412545	1.0713038320021007
19.085411225862316	1.0711776227066765
19.10742438759918	1.0710137846975893
19.129437549336046	1.07081261312833
19.15145071107291	1.070574427028109
19.173463872809776	1.0702995688509374
19.19547703454664	1.0699884040001593
19.217490196283507	1.0696413203295172
19.23950335802037	1.0692587276218628
19.26151651975724	1.068841057046665
19.283529681494105	1.0683887605975078
19.30554284323097	1.0679023105107825
19.327556004967835	1.0673821986668266
19.3495691667047	1.0668289359747603
19.371582328441566	1.0662430517423012
19.39359549017843	1.065625093031851
19.415608651915296	1.064975624004146
19.43762181365216	1.064295225250779
19.459634975389026	1.0635844931168954
19.481648137125894	1.062844039015362
19.50366129886276	1.0620744887337012
19.525674460599625	1.061276481735078
19.54768762233649	1.0604506704545997
19.569700784073355	1.0595977195921866
19.59171394581022	1.0587183054032419
19.613727107547085	1.0578131149883216
19.63574026928395	1.0568828455829933
19.657753431020815	1.0559282038490267
19.67976659275768	1.0549499051680382
19.70177975449455	1.0539486729386733
19.723792916231414	1.0529252378783764
19.74580607796828	1.0518803373307548
19.767819239705144	1.050814714579511
19.78983240144201	1.049729118169872
19.811845563178874	1.0486243012383987
19.83385872491574	1.047501020852021
19.855871886652604	1.0463600373570972
19.87788504838947	1.045202113739244
19.899898210126334	1.0440280149946515
19.9219113718632	1.0428385075135336
19.943924533600068	1.041634358476334
19.965937695336933	1.0404163352632512
19.9879508570738	1.0391852048775967
20.009964018810663	1.0379417333834673
20.03197718054753	1.036686685358153
20.053990342284393	1.0354208233596605
20.07600350402126	1.0341449074096924
20.098016665758124	1.032859694492373
20.12002982749499	1.031565938068963
20.142042989231854	1.030264387608784
20.164056150968722	1.0289557881365017
20.186069312705587	1.0276408797959056
20.208082474442453	1.026320397430267
20.230095636179318	1.0249950701793258
20.252108797916183	1.0236656210929194
20.274121959653048	1.0223327667612332
20.296135121389913	1.0209972169616204
20.318148283126778	1.0196596743219009
20.340161444863643	1.0183208340000298
20.362174606600508	1.0169813833799886
20.384187768337377	1.0156420017837249
20.40620093007424	1.0143033601989553
20.428214091811107	1.0129661210225973
20.450227253547972	1.0116309378196005
20.472240415284837	1.0102984550969083
20.494253577021702	1.0089693080922728
20.516266738758567	1.0076441225776183
20.538279900495432	1.0063235146766438
20.560293062232297	1.0050080906963363
20.582306223969162	1.003698446972045
20.604319385706027	1.0023951697257691
20.626332547442896	1.0010988349372965
20.64834570917976	0.9998100082278127
20.670358870916626	0.9985292447556037
20.69237203265349	0.9972570891234669
20.714385194390356	0.9959940752974376
20.73639835612722	0.994740726536426
20.758411517864086	0.9934975553323817
20.78042467960095	0.9922650633605657
20.802437841337817	0.9910437414395425
20.82445100307468	0.9898340695004803
20.84646416481155	0.988636516565363
20.868477326548415	0.9874515407337121
20.89049048828528	0.9862795891774205
20.912503650022146	0.9851210981433077
20.93451681175901	0.9839764929630007
20.956529973495876	0.9828461880697618
20.97854313523274	0.9817305870218777
21.000556296969606	0.9806300825322372
21.02256945870647	0.9795450565037324
21.044582620443336	0.9784758800701151
21.066595782180205	0.9774229136419625
21.08860894391707	0.9763865069573981
21.110622105653935	0.9753669991372339
21.1326352673908	0.9743647187442008
21.154648429127665	0.9733799838459474
21.17666159086453	0.9724131020814902
21.198674752601395	0.9714643707308146
21.22068791433826	0.9705340767873285
21.242701076075125	0.9696224970328858
21.26471423781199	0.9687298981150985
21.286727399548855	0.967856536626672
21.308740561285724	0.967002659186512
21.33075372302259	0.966168502522342
21.352766884759454	0.9653542935546051
21.37478004649632	0.9645602494814162
21.396793208233184	0.9637865778643435
21.41880636997005	0.9630334767148138
21.440819531706914	0.9623011345809377
21.46283269344378	0.9615897306345684
21.484845855180644	0.9608994347584072
21.50685901691751	0.9602304076329884
21.528872178654378	0.9595828008233789
21.550885340391243	0.9589567568654398
21.57289850212811	0.9583524093515043
21.594911663864973	0.9577698830153359
21.61692482560184	0.9572092938162432
21.638937987338704	0.9566707490222288
21.66095114907557	0.9561543472920645
21.682964310812434	0.9556601787561928
21.7049774725493	0.9551883250963578
21.726990634286164	0.9547388596238844
21.749003796023032	0.9543118473565252
21.771016957759898	0.9539073450938083
21.793030119496763	0.9535254014908222
21.815043281233628	0.9531660571303852
21.837056442970493	0.9528293445935495
21.859069604707358	0.952515288528404
21.881082766444223	0.9522239057171398
21.903095928181088	0.9519552051413533
21.925109089917953	0.951709188045569
21.947122251654818	0.9514858479989672
21.969135413391683	0.9512851709553113
21.991148575128552	0.9511071353110762
